1124 894
1123.33 892.667
1122.67 891.333
1122 890
1122 890
1122 890
1122 890
1122 884.333
1122 878.667
1122 873
1122 873
1122 873
1122 873
1121.67 878.333
1121.33 883.667
1121 889
1122.67 883.667
1124.33 878.333
1126 873
1126 873
1126 873
1126 873
1126 873
1126 873
1126 873
1129.67 869.667
1133.33 866.333
1137 863
1134.67 869
1132.33 875
1130 881
1131.67 877.667
1133.33 874.333
1135 871
1128.33 864.333
1121.67 857.667
1115 851
1120.67 845.667
1126.33 840.333
1132 835
1128.67 835
1125.33 835
1122 835
1117.33 836
1112.67 837
1108 838
1103 838.333
1098 838.667
1093 839
1094.67 837.667
1096.33 836.333
1098 835
1095.67 835
1093.33 835
1091 835
1089 836.333
1087 837.667
1085 839
1081.67 837.667
1078.33 836.333
1075 835
1075 835
1075 835
1075 835
1070.33 835
1065.67 835
1061 835
1065.67 834.333
1070.33 833.667
1075 833
1074.67 836.333
1074.33 839.667
1074 843
1071.67 840.333
1069.33 837.667
1067 835
1063.67 832.333
1060.33 829.667
1057 827
1056.67 829.667
1056.33 832.333
1056 835
1051.33 837.667
1046.67 840.333
1042 843
1036.67 840.333
1031.33 837.667
1026 835
1020 834.333
1014 833.667
1008 833
1003.67 833
999.333 833
995 833
995.333 833
995.667 833
996 833
999 833
1002 833
1005 833
1000.67 830.667
996.333 828.333
992 826
995.667 824
999.333 822
1003 820
1004.33 819.667
1005.67 819.333
1007 819
1002 819
997 819
992 819
992 819
992 819
992 819
992 819
992 819
992 819
991 819
990 819
989 819
988.667 818.333
988.333 817.667
988 817
989.667 817.667
991.333 818.333
993 819
995.333 818.667
997.667 818.333
1000 818
1001 813
1002 808
1003 803
1007.33 804.333
1011.67 805.667
1016 807
1013.33 808.333
1010.67 809.667
1008 811
1005.67 812.333
1003.33 813.667
1001 815
1004 810.667
1007 806.333
1010 802
1010 802
1010 802
1010 802
1007 801.667
1004 801.333
1001 801
1004.67 801.667
1008.33 802.333
1012 803
1012 803
1012 803
1012 803
1008.67 803
1005.33 803
1002 803
1004 803
1006 803
1008 803
1008 803
1008 803
1008 803
1006 797.333
1004 791.667
1002 786
1004.67 780.667
1007.33 775.333
1010 770
1012 764.667
1014 759.333
1016 754
1013.33 752
1010.67 750
1008 748
1008.67 750.333
1009.33 752.667
1010 755
1012 755
1014 755
1016 755
1012.33 755.333
1008.67 755.667
1005 756
1006.67 756.333
1008.33 756.667
1010 757
1013.67 756.333
1017.33 755.667
1021 755
1016.67 761.667
1012.33 768.333
1008 775
1008 775.333
1008 775.667
1008 776
1011.67 776.667
1015.33 777.333
1019 778
1015 776.667
1011 775.333
1007 774
1007 774
1007 774
1007 774
1006 767.333
1005 760.667
1004 754
1004.33 759.667
1004.67 765.333
1005 771
1005.33 765.333
1005.67 759.667
1006 754
1007.33 751.667
1008.67 749.333
1010 747
1010 747
1010 747
1010 747
1008.67 746
1007.33 745
1006 744
1007.67 750.667
1009.33 757.333
1011 764
1010.33 760.667
1009.67 757.333
1009 754
1003.67 754
998.333 754
993 754
997 753.667
1001 753.333
1005 753
1005 753
1005 753
1005 753
1002.33 753
999.667 753
997 753
999.333 753
1001.67 753
1004 753
1005.33 758.667
1006.67 764.333
1008 770
1005.67 772.667
1003.33 775.333
1001 778
1002 778.667
1003 779.333
1004 780
1005.67 780
1007.33 780
1009 780
1006.67 779.333
1004.33 778.667
1002 778
1004 778
1006 778
1008 778
1010.67 778.667
1013.33 779.333
1016 780
1011.33 782
1006.67 784
1002 786
1000.33 788.667
998.667 791.333
997 794
999.333 794.333
1001.67 794.667
1004 795
1000.67 795.333
997.333 795.667
994 796
994 796
994 796
994 796
999.333 795.667
1004.67 795.333
1010 795
1007.33 792
1004.67 789
1002 786
1001.67 780.667
1001.33 775.333
1001 770
1006 768.333
1011 766.667
1016 765
1012.33 764.333
1008.67 763.667
1005 763
1005 763
1005 763
1005 763
1008.33 760
1011.67 757
1015 754
1013 754.667
1011 755.333
1009 756
1009.33 756
1009.67 756
1010 756
1012.67 755
1015.33 754
1018 753
1018 753
1018 753
1018 753
1015.33 753.333
1012.67 753.667
1010 754
1014 755.333
1018 756.667
1022 758
1020.33 759.333
1018.67 760.667
1017 762
1014.67 762
1012.33 762
1010 762
1011.33 762
1012.67 762
1014 762
1014 762
1014 762
1014 762
1013.67 762
1013.33 762
1013 762
1018 756.667
1023 751.333
1028 746
1030.33 743.333
1032.67 740.667
1035 738
1033 738.333
1031 738.667
1029 739
1031.33 738.667
1033.67 738.333
1036 738
1038 738
1040 738
1042 738
1041.67 738
1041.33 738
1041 738
1041 738
1041 738
1041 738
1043.33 732.667
1045.67 727.333
1048 722
1044.33 716.667
1040.67 711.333
1037 706
1038.33 706
1039.67 706
1041 706
1043.67 700.667
1046.33 695.333
1049 690
1046 690
1043 690
1040 690
1041.33 686.667
1042.67 683.333
1044 680
1044.67 678
1045.33 676
1046 674
1045 674.333
1044 674.667
1043 675
1043 675
1043 675
1043 675
1047 675
1051 675
1055 675
1052.67 680
1050.33 685
1048 690
1048 690
1048 690
1048 690
1053.67 692.667
1059.33 695.333
1065 698
1061.67 700.667
1058.33 703.333
1055 706
1048.33 699.333
1041.67 692.667
1035 686
1032 682
1029 678
1026 674
1026 674
1026 674
1026 674
1020 668.667
1014 663.333
1008 658
1008.67 658
1009.33 658
1010 658
1010 660.667
1010 663.333
1010 666
1007.67 665.667
1005.33 665.333
1003 665
1005.33 665.333
1007.67 665.667
1010 666
1003.33 659.333
996.667 652.667
990 646
983.333 645
976.667 644
970 643
967.333 648
964.667 653
962 658
965.667 663.333
969.333 668.667
973 674
971 679.667
969 685.333
967 691
968.333 685.333
969.667 679.667
971 674
971 674
971 674
971 674
967.667 675.333
964.333 676.667
961 678
962 677.667
963 677.333
964 677
967.667 678.667
971.333 680.333
975 682
974.667 682.333
974.333 682.667
974 683
972 682.667
970 682.333
968 682
968 682
968 682
968 682
968.333 679.333
968.667 676.667
969 674
966.333 676.667
963.667 679.333
961 682
963.333 687.333
965.667 692.667
968 698
965.333 700.667
962.667 703.333
960 706
958.333 706
956.667 706
955 706
949.667 702
944.333 698
939 694
944 689
949 684
954 679
952 678.667
950 678.333
948 678
951.667 671.333
955.333 664.667
959 658
959.667 651.333
960.333 644.667
961 638
959 642.667
957 647.333
955 652
959 649
963 646
967 643
966.667 643
966.333 643
966 643
964.333 648
962.667 653
961 658
960.333 660.667
959.667 663.333
959 666
959 672.667
959 679.333
959 686
956.333 680.333
953.667 674.667
951 669
952.667 669
954.333 669
956 669
956 669
956 669
956 669
953.333 670.667
950.667 672.333
948 674
949 674
950 674
951 674
952.333 674.333
953.667 674.667
955 675
954 675
953 675
952 675
956 674.667
960 674.333
964 674
960.667 679.333
957.333 684.667
954 690
950.667 695.333
947.333 700.667
944 706
944 706
944 706
944 706
947.333 704
950.667 702
954 700
951 701
948 702
945 703
944.667 703
944.333 703
944 703
947.667 706.333
951.333 709.667
955 713
952 713
949 713
946 713
946 713
946 713
946 713
944.667 711
943.333 709
942 707
945.333 706
948.667 705
952 704
951.333 704.333
950.667 704.667
950 705
952.667 706
955.333 707
958 708
956 704.667
954 701.333
952 698
946 693.333
940 688.667
934 684
939 682.667
944 681.333
949 680
949.667 680
950.333 680
951 680
951.667 678
952.333 676
953 674
955.667 668.667
958.333 663.333
961 658
961 658
961 658
961 658
957 657
953 656
949 655
946 650.333
943 645.667
940 641
943 645.667
946 650.333
949 655
946.667 655.667
944.333 656.333
942 657
948.667 651.333
955.333 645.667
962 640
956 646
950 652
944 658
945.667 651.333
947.333 644.667
949 638
950.333 631.333
951.667 624.667
953 618
959.667 624.667
966.333 631.333
973 638
966.333 639.333
959.667 640.667
953 642
956 639.333
959 636.667
962 634
956 630.667
950 627.333
944 624
950.667 619.667
957.333 615.333
964 611
962 610.667
960 610.333
958 610
954 613
950 616
946 619
945 619.333
944 619.667
943 620
940.667 619.667
938.333 619.333
936 619
932.333 613.333
928.667 607.667
925 602
924.667 601.333
924.333 600.667
924 600
920 601
916 602
912 603
913.667 599.667
915.333 596.333
917 593
918 593
919 593
920 593
921 587.333
922 581.667
923 576
922.333 576
921.667 576
921 576
922.333 576.333
923.667 576.667
925 577
921.667 577.333
918.333 577.667
915 578
914 584.667
913 591.333
912 598
912.667 597.667
913.333 597.333
914 597
913.667 593
913.333 589
913 585
913 582.667
913 580.333
913 578
916.667 579.333
920.333 580.667
924 582
924.667 581.667
925.333 581.333
926 581
926.667 582.333
927.333 583.667
928 585
924.667 582.667
921.333 580.333
918 578
919.667 577.333
921.333 576.667
923 576
921.667 575.667
920.333 575.333
919 575
921.333 575
923.667 575
926 575
925.667 575
925.333 575
925 575
925 574.333
925 573.667
925 573
924.333 573.333
923.667 573.667
923 574
922.667 572
922.333 570
922 568
921.333 568.667
920.667 569.333
920 570
921 569.333
922 568.667
923 568
923.333 568.333
923.667 568.667
924 569
923 569
922 569
921 569
921 569.667
921 570.333
921 571
921 571.667
921 572.333
921 573
921.333 572.667
921.667 572.333
922 572
921.333 572.333
920.667 572.667
920 573
919.667 573
919.333 573
919 573
919.333 573
919.667 573
920 573
920.667 572.667
921.333 572.333
922 572
922.333 572
922.667 572
923 572
923 571.333
923 570.667
923 570
922.333 570.333
921.667 570.667
921 571
921 571.333
921 571.667
921 572
921 572
921 572
921 572
921 572
921 572
921 572
920.667 572
920.333 572
920 572
920 572
920 572
920 572
920 572
920 572
920 572
921 571
922 570
923 569
923.333 569
923.667 569
924 569
923.333 569
922.667 569
922 569
922 569
922 569
922 569
922.667 569.667
923.333 570.333
924 571
923.333 570
922.667 569
922 568
922.333 568.333
922.667 568.667
923 569
923 569
923 569
923 569
923.667 569
924.333 569
925 569
925.667 569
926.333 569
927 569
926.667 569
926.333 569
926 569
926 568.667
926 568.333
926 568
926.333 569
926.667 570
927 571
926.667 570.333
926.333 569.667
926 569
926 569
926 569
926 569
926 568.667
926 568.333
926 568
925.333 568.667
924.667 569.333
924 570
924.667 570
925.333 570
926 570
926 570
926 570
926 570
926 570.667
926 571.333
926 572
926 571.333
926 570.667
926 570
925.667 570.667
925.333 571.333
925 572
924.667 572
924.333 572
924 572
923.667 572
923.333 572
923 572
923.333 572
923.667 572
924 572
923.667 572
923.333 572
923 572
923.333 572
923.667 572
924 572
923.667 572
923.333 572
923 572
923.333 571.333
923.667 570.667
924 570
924.333 569.667
924.667 569.333
925 569
925 569
925 569
925 569
925 569
925 569
925 569
925 569.333
925 569.667
925 570
925 570
925 570
925 570
925.667 570.333
926.333 570.667
927 571
926.333 571
925.667 571
925 571
926 568.333
927 565.667
928 563
928.333 562.667
928.667 562.333
929 562
929.333 562
929.667 562
930 562
929.333 565.667
928.667 569.333
928 573
927.667 572
927.333 571
927 570
927 569
927 568
927 567
927.333 567
927.667 567
928 567
928.333 566.667
928.667 566.333
929 566
929 566
929 566
929 566
928.667 566
928.333 566
928 566
928 566
928 566
928 566
928 566
928 566
928 566
928.333 566
928.667 566
929 566
929 566
929 566
929 566
929 565.667
929 565.333
929 565
929 564.333
929 563.667
929 563
929.333 563.667
929.667 564.333
930 565
930 565.333
930 565.667
930 566
929.667 566.333
929.333 566.667
929 567
929 567
929 567
929 567
929 568.333
929 569.667
929 571
928.667 569.667
928.333 568.333
928 567
928 567.667
928 568.333
928 569
928 569
928 569
928 569
928.333 568.333
928.667 567.667
929 567
929 567
929 567
929 567
928.667 568.667
928.333 570.333
928 572
929 569.667
930 567.333
931 565
930.667 566.667
930.333 568.333
930 570
929.667 569.667
929.333 569.333
929 569
929.333 569
929.667 569
930 569
930 569
930 569
930 569
930.333 568.667
930.667 568.333
931 568
931 568
931 568
931 568
931 568
931 568
931 568
931 568
931 568
931 568
931 568
931 568
931 568
931 568
931 568
931 568
930.667 568
930.333 568
930 568
930 568
930 568
930 568
929.333 568.667
928.667 569.333
928 570
927.667 571
927.333 572
927 573
927.333 573
927.667 573
928 573
928 573
928 573
928 573
927.667 573
927.333 573
927 573
927.333 573
927.667 573
928 573
928 573
928 573
928 573
928 573
928 573
928 573
928 573
928 573
928 573
928 573
928 573
928 573
927.667 573
927.333 573
927 573
927 573.333
927 573.667
927 574
928 572
929 570
930 568
930 568
930 568
930 568
930 568.667
930 569.333
930 570
930 570
930 570
930 570
930 570
930 570
930 570
930 570
930 570
930 570
930 570
930 570
930 570
930 570
930 570
930 570
930.667 570
931.333 570
932 570
932 570
932 570
932 570
932.333 570.333
932.667 570.667
933 571
932.667 571.333
932.333 571.667
932 572
930.667 574
929.333 576
928 578
930.333 575.333
932.667 572.667
935 570
933 572.333
931 574.667
929 577
928.667 577.667
928.333 578.333
928 579
927.667 578.667
927.333 578.333
927 578
926.667 578
926.333 578
926 578
926 578
926 578
926 578
925.667 578
925.333 578
925 578
925.333 578
925.667 578
926 578
926 578
926 578
926 578
926.333 578
926.667 578
927 578
927 578
927 578
927 578
929.333 575.667
931.667 573.333
934 571
934.333 570.333
934.667 569.667
935 569
934 570.333
933 571.667
932 573
932 573
932 573
932 573
932 573
932 573
932 573
932 573
932 573
932 573
932 573
932 573
932 573
932 573
932 573
932 573
932 573
932 573
932 573
932 573
932 573
932 573
932 573
932 573
932 573
932 573
932 573
932 573
932.667 572
933.333 571
934 570
933.667 570.333
933.333 570.667
933 571
933.333 571
933.667 571
934 571
934 571
934 571
934 571
934 571
934 571
934 571
934 571
934 571
934 571
934 571.667
934 572.333
934 573
934 573
934 573
934 573
933.667 572.667
933.333 572.333
933 572
933 572
933 572
933 572
933 572
933 572
933 572
933 571.667
933 571.333
933 571
932.333 570.667
931.667 570.333
931 570
931 569
931 568
931 567
930.667 567.333
930.333 567.667
930 568
930 568.333
930 568.667
930 569
930.333 569
930.667 569
931 569
931 568.667
931 568.333
931 568
931 568
931 568
931 568
931.667 568
932.333 568
933 568
932.667 567.333
932.333 566.667
932 566
931.667 567
931.333 568
931 569
930.667 569
930.333 569
930 569
930 569
930 569
930 569
931.333 569.333
932.667 569.667
934 570
933.333 570
932.667 570
932 570
932.333 569.667
932.667 569.333
933 569
933 569.333
933 569.667
933 570
933.667 570
934.333 570
935 570
935 570
935 570
935 570
935 570
935 570
935 570
935 570
935 570
935 570
935 570
935 570
935 570
934.667 570
934.333 570
934 570
934 570
934 570
934 570
934 570
934 570
934 570
934 570
934 570
934 570
934 570
934 570
934 570
934 570
934 570
934 570
934 570
934 570
934 570
934.333 570.333
934.667 570.667
935 571
935 571
935 571
935 571
935 571
935 571
935 571
935 570.667
935 570.333
935 570
935 570.333
935 570.667
935 571
934.667 570.667
934.333 570.333
934 570
934.333 570.333
934.667 570.667
935 571
935 571
935 571
935 571
935 570.667
935 570.333
935 570
935.667 569
936.333 568
937 567
937.333 567.667
937.667 568.333
938 569
938 568.333
938 567.667
938 567
937.667 566.667
937.333 566.333
937 566
937 566.333
937 566.667
937 567
937 567
937 567
937 567
937 567
937 567
937 567
937 567.667
937 568.333
937 569
936.333 569.333
935.667 569.667
935 570
935 570
935 570
935 570
935 570
935 570
935 570
935 570
935 570
935 570
935 569.667
935 569.333
935 569
935.333 568.667
935.667 568.333
936 568
936 568
936 568
936 568
936.333 568
936.667 568
937 568
936.667 568.667
936.333 569.333
936 570
936 570
936 570
936 570
936.333 569.333
936.667 568.667
937 568
937 567.667
937 567.333
937 567
937 567
937 567
937 567
937 567
937 567
937 567
937 567.333
937 567.667
937 568
936.667 568.667
936.333 569.333
936 570
935.667 571
935.333 572
935 573
935 573
935 573
935 573
935 573
935 573
935 573
935.333 573
935.667 573
936 573
936 573
936 573
936 573
935.667 572.667
935.333 572.333
935 572
935 571.667
935 571.333
935 571
935 571
935 571
935 571
935.333 571.333
935.667 571.667
936 572
936.333 570.667
936.667 569.333
937 568
937 568
937 568
937 568
935.667 568.667
934.333 569.333
933 570
933.333 570.667
933.667 571.333
934 572
934 571.667
934 571.333
934 571
934 571
934 571
934 571
934 571
934 571
934 571
934 571
934 571
934 571
934.667 570.667
935.333 570.333
936 570
936 570
936 570
936 570
935.667 570
935.333 570
935 570
934.667 570.333
934.333 570.667
934 571
934 571
934 571
934 571
934.667 570.333
935.333 569.667
936 569
935.667 570.333
935.333 571.667
935 573
934.667 572.667
934.333 572.333
934 572
934 572
934 572
934 572
934 571.667
934 571.333
934 571
934 571.667
934 572.333
934 573
933.333 574
932.667 575
932 576
933 574
934 572
935 570
935 569.667
935 569.333
935 569
935 569
935 569
935 569
935 569
935 569
935 569
934.667 570
934.333 571
934 572
932 573.667
930 575.333
928 577
930.333 574.667
932.667 572.333
935 570
935 570.333
935 570.667
935 571
935 571
935 571
935 571
935 571
935 571
935 571
935 571.333
935 571.667
935 572
934.667 572
934.333 572
934 572
934 572
934 572
934 572
934 572
934 572
934 572
934 572
934 572
934 572
934 571.667
934 571.333
934 571
934 571.333
934 571.667
934 572
934 572
934 572
934 572
934 571.667
934 571.333
934 571
934.333 571.667
934.667 572.333
935 573
935 573
935 573
935 573
935 573
935 573
935 573
935 573
935 573
935 573
935 573
935 573
935 573
935 572.667
935 572.333
935 572
935 572
935 572
935 572
935 572
935 572
935 572
934.667 572
934.333 572
934 572
934.333 571.667
934.667 571.333
935 571
935 571.333
935 571.667
935 572
935.333 571.333
935.667 570.667
936 570
935.667 570.667
935.333 571.333
935 572
935 572
935 572
935 572
935 572
935 572
935 572
935 572
935 572
935 572
935 572
935 572
935 572
935 572
935 572
935 572
935 572
935 572
935 572
935 572
935 572
935 572
935 572
935 572
935 572
934.333 572.667
933.667 573.333
933 574
933 574
933 574
933 574
933 572.667
933 571.333
933 570
933.667 570
934.333 570
935 570
934.667 571.333
934.333 572.667
934 574
933.667 574
933.333 574
933 574
933 574
933 574
933 574
933.333 573.667
933.667 573.333
934 573
934 573
934 573
934 573
934 572.667
934 572.333
934 572
934 572.667
934 573.333
934 574
934 574
934 574
934 574
933.667 574
933.333 574
933 574
933.333 574
933.667 574
934 574
934 572.667
934 571.333
934 570
933.333 569.667
932.667 569.333
932 569
932.667 570
933.333 571
934 572
934 572
934 572
934 572
934 571.667
934 571.333
934 571
934 571
934 571
934 571
933.667 571
933.333 571
933 571
933 570.667
933 570.333
933 570
933 570
933 570
933 570
933 570
933 570
933 570
933 570
933 570
933 570
933 570
933 570
933 570
932.667 570
932.333 570
932 570
931.667 572.667
931.333 575.333
931 578
931 577.667
931 577.333
931 577
931.333 577
931.667 577
932 577
932 576.667
932 576.333
932 576
932 576
932 576
932 576
932 576
932 576
932 576
932 576.333
932 576.667
932 577
932 577
932 577
932 577
932 576.667
932 576.333
932 576
932 576
932 576
932 576
932 576
932 576
932 576
932.333 574
932.667 572
933 570
933 570
933 570
933 570
933 569.667
933 569.333
933 569
933 569
933 569
933 569
933 569
933 569
933 569
933 569
933 569
933 569
933 569
933 569
933 569
933.667 568.333
934.333 567.667
935 567
935 567.333
935 567.667
935 568
935 568
935 568
935 568
935 568
935 568
935 568
935 568
935 568
935 568
935 568.667
935 569.333
935 570
935 570
935 570
935 570
935 570
935 570
935 570
935 570
935 570
935 570
934.667 570.333
934.333 570.667
934 571
934.333 570.667
934.667 570.333
935 570
935 570
935 570
935 570
935 570
935 570
935 570
935 569.667
935 569.333
935 569
935 569
935 569
935 569
935 569.333
935 569.667
935 570
935 570
935 570
935 570
934.333 570
933.667 570
933 570
933.333 570.667
933.667 571.333
934 572
934 572
934 572
934 572
934 571.333
934 570.667
934 570
934.333 570
934.667 570
935 570
935 570
935 570
935 570
935 570
935 570
935 570
935 570
935 570
935 570
934.667 570
934.333 570
934 570
934 569
934 568
934 567
934 567.667
934 568.333
934 569
933.667 569
933.333 569
933 569
933.667 569.333
934.333 569.667
935 570
933 573
931 576
929 579
930.667 577
932.333 575
934 573
934 572.667
934 572.333
934 572
934 572
934 572
934 572
933.667 572.333
933.333 572.667
933 573
933.333 573
933.667 573
934 573
934 573
934 573
934 573
934 572.667
934 572.333
934 572
934.333 572
934.667 572
935 572
935 572
935 572
935 572
934.333 572.667
933.667 573.333
933 574
933.333 572.667
933.667 571.333
934 570
934 570
934 570
934 570
934 569.667
934 569.333
934 569
934 569
934 569
934 569
934 569
934 569
934 569
934 569
934 569
934 569
934 569
934 569
934 569
934 568.667
934 568.333
934 568
934 568.667
934 569.333
934 570
934 570
934 570
934 570
934 570
934 570
934 570
934.333 570
934.667 570
935 570
935 570
935 570
935 570
935 569.667
935 569.333
935 569
935.333 569
935.667 569
936 569
936 568.667
936 568.333
936 568
935.667 568.333
935.333 568.667
935 569
935 569
935 569
935 569
935.333 569
935.667 569
936 569
935.667 569
935.333 569
935 569
935 569
935 569
935 569
935 569
935 569
935 569
935 569
935 569
935 569
935 569
935 569
935 569
934.667 572
934.333 575
934 578
934 577.333
934 576.667
934 576
934 576
934 576
934 576
934.333 576
934.667 576
935 576
934.667 576
934.333 576
934 576
934 576
934 576
934 576
933.667 576.333
933.333 576.667
933 577
933.333 576.667
933.667 576.333
934 576
933.667 576.333
933.333 576.667
933 577
933.333 576.667
933.667 576.333
934 576
934 576
934 576
934 576
934 576
934 576
934 576
934 574
934 572
934 570
934 570
934 570
934 570
934 570.333
934 570.667
934 571
934 571
934 571
934 571
934 571
934 571
934 571
934 571
934 571
934 571
934 572
934 573
934 574
934 574
934 574
934 574
934 574
934 574
934 574
934 574
934 574
934 574
934 574
934 574
934 574
934 572.667
934 571.333
934 570
934 570
934 570
934 570
934 570.667
934 571.333
934 572
934.333 572
934.667 572
935 572
934.333 572
933.667 572
933 572
933.333 572
933.667 572
934 572
934 571.667
934 571.333
934 571
934 571
934 571
934 571
934.667 570.667
935.333 570.333
936 570
936 570
936 570
936 570
935.333 570.333
934.667 570.667
934 571
934 571
934 571
934 571
934 571
934 571
934 571
934 570.667
934 570.333
934 570
934.667 569.333
935.333 568.667
936 568
936 568.333
936 568.667
936 569
936 568.667
936 568.333
936 568
936 568.667
936 569.333
936 570
936 570
936 570
936 570
936 570
936 570
936 570
936 569.667
936 569.333
936 569
935.667 569.333
935.333 569.667
935 570
935 570
935 570
935 570
935 570
935 570
935 570
935 570
935 570
935 570
935 570
935 570
935 570
935.333 569.667
935.667 569.333
936 569
936 569.333
936 569.667
936 570
936 569
936 568
936 567
936 567
936 567
936 567
936 566.667
936 566.333
936 566
936 566
936 566
936 566
936 566
936 566
936 566
936 566.333
936 566.667
936 567
936 566.667
936 566.333
936 566
936 566
936 566
936 566
936 566
936 566
936 566
934 572.667
932 579.333
930 586
930 585.667
930 585.333
930 585
930.333 585
930.667 585
931 585
931 585
931 585
931 585
931 585
931 585
931 585
931 585
931 585
931 585
931 585
931 585
931 585
930.667 585
930.333 585
930 585
930.333 585
930.667 585
931 585
931 585
931 585
931 585
932 579.667
933 574.333
934 569
933.333 573.667
932.667 578.333
932 583
932.667 578.667
933.333 574.333
934 570
933.667 570
933.333 570
933 570
933.333 570
933.667 570
934 570
934.333 570
934.667 570
935 570
935 570
935 570
935 570
935 570
935 570
935 570
934.667 570
934.333 570
934 570
934 570
934 570
934 570
934 570
934 570
934 570
934.333 570
934.667 570
935 570
935 570
935 570
935 570
935 570
935 570
935 570
934.667 570
934.333 570
934 570
934 570
934 570
934 570
934.333 569.333
934.667 568.667
935 568
935 568
935 568
935 568
935 568
935 568
935 568
935 568
935 568
935 568
935 568
935 568
935 568
935 568
935 568
935 568
935 568
935 568
935 568
935 568
935 568
935 568
935 568
935 568
935 568
935 568
935 568
935 568
934.333 569
933.667 570
933 571
933.667 572
934.333 573
935 574
934.333 573.667
933.667 573.333
933 573
933.333 573
933.667 573
934 573
934 573
934 573
934 573
933.667 573
933.333 573
933 573
933.667 572.667
934.333 572.333
935 572
935 572
935 572
935 572
934.667 571
934.333 570
934 569
934.667 568.667
935.333 568.333
936 568
936 568
936 568
936 568
936.333 568
936.667 568
937 568
936 571.333
935 574.667
934 578
933.667 578
933.333 578
933 578
933.333 578
933.667 578
934 578
934 578
934 578
934 578
934 578
934 578
934 578
933.667 577.667
933.333 577.333
933 577
933 577
933 577
933 577
933.333 576.667
933.667 576.333
934 576
933.667 576.667
933.333 577.333
933 578
933 578
933 578
933 578
933.333 577.667
933.667 577.333
934 577
934 577
934 577
934 577
934 574.667
934 572.333
934 570
934.667 569
935.333 568
936 567
936 567
936 567
936 567
935.333 570
934.667 573
934 576
934.667 573.333
935.333 570.667
936 568
936 568
936 568
936 568
935.333 568.333
934.667 568.667
934 569
934 569
934 569
934 569
934 569
934 569
934 569
934 569
934 569
934 569
934 569
934 569
934 569
934 569
934 569
934 569
933.667 572
933.333 575
933 578
933 578.333
933 578.667
933 579
933 579
933 579
933 579
933 579
933 579
933 579
933 579
933 579
933 579
933 579
933 579
933 579
933 579
933 579
933 579
933 579
933 579
933 579
933.333 578.333
933.667 577.667
934 577
934 577
934 577
934 577
934 577
934 577
934 577
934 577.333
934 577.667
934 578
935 575.333
936 572.667
937 570
936.667 569.333
936.333 568.667
936 568
936.333 568
936.667 568
937 568
936.667 568.667
936.333 569.333
936 570
936 570
936 570
936 570
936 570.333
936 570.667
936 571
935.667 571
935.333 571
935 571
935 571
935 571
935 571
935.333 571
935.667 571
936 571
936 571
936 571
936 571
935 571.667
934 572.333
933 573
933 573
933 573
933 573
933.667 572
934.333 571
935 570
934 572.667
933 575.333
932 578
932.333 577.333
932.667 576.667
933 576
933.333 576
933.667 576
934 576
933.333 576
932.667 576
932 576
932.333 576
932.667 576
933 576
933.333 576
933.667 576
934 576
934 576
934 576
934 576
934 576
934 576
934 576
933.667 576.333
933.333 576.667
933 577
933 577
933 577
933 577
933 577
933 577
933 577
934 574.667
935 572.333
936 570
935.667 570.333
935.333 570.667
935 571
935 571
935 571
935 571
935.333 570.667
935.667 570.333
936 570
936 570
936 570
936 570
936 570
936 570
936 570
936 570
936 570
936 570
936 570
936 570
936 570
936 570
936 570
936 570
936 570
936 570
936 570
936 570
936 570
936 570
936 570
936 570
936 570
935.667 570
935.333 570
935 570
935 570
935 570
935 570
935.333 570.333
935.667 570.667
936 571
936 571
936 571
936 571
936 571
936 571
936 571
936.333 571
936.667 571
937 571
937 570.667
937 570.333
937 570
937 570
937 570
937 570
937.333 570
937.667 570
938 570
938 570
938 570
938 570
938.333 570.333
938.667 570.667
939 571
938.667 570.667
938.333 570.333
938 570
937 572.667
936 575.333
935 578
935 578
935 578
935 578
934.667 578
934.333 578
934 578
934 578
934 578
934 578
934.333 578.333
934.667 578.667
935 579
935.333 576
935.667 573
936 570
936 569.667
936 569.333
936 569
936 569.667
936 570.333
936 571
935.667 570.667
935.333 570.333
935 570
935 570
935 570
935 570
935.333 570
935.667 570
936 570
936 570
936 570
936 570
936 570
936 570
936 570
935.333 571.667
934.667 573.333
934 575
934 574.667
934 574.333
934 574
934 574
934 574
934 574
934 574
934 574
934 574
934 574
934 574
934 574
933.667 574
933.333 574
933 574
933.333 574
933.667 574
934 574
934 574
934 574
934 574
934 574.333
934 574.667
934 575
933.667 575
933.333 575
933 575
933 575
933 575
933 575
934.667 573.333
936.333 571.667
938 570
936.667 573
935.333 576
934 579
934 579
934 579
934 579
934.667 575.667
935.333 572.333
936 569
936.333 569
936.667 569
937 569
937.333 569
937.667 569
938 569
936.667 571.667
935.333 574.333
934 577
934 577
934 577
934 577
935.333 574
936.667 571
938 568
938 568
938 568
938 568
938 568
938 568
938 568
937 569.667
936 571.333
935 573
934.667 574.667
934.333 576.333
934 578
934.333 577.333
934.667 576.667
935 576
935 576
935 576
935 576
935.333 575.667
935.667 575.333
936 575
936 575
936 575
936 575
935.667 576
935.333 577
935 578
935 578
935 578
935 578
934.667 578
934.333 578
934 578
934.667 577.667
935.333 577.333
936 577
936 577
936 577
936 577
935 576.667
934 576.333
933 576
933.667 577.333
934.333 578.667
935 580
934.667 579.333
934.333 578.667
934 578
933.667 578.667
933.333 579.333
933 580
933.333 579
933.667 578
934 577
933.667 577.333
933.333 577.667
933 578
932.667 578
932.333 578
932 578
933 575.667
934 573.333
935 571
934.667 573.333
934.333 575.667
934 578
933.333 577.667
932.667 577.333
932 577
932.333 577
932.667 577
933 577
933 577
933 577
933 577
933.333 576.667
933.667 576.333
934 576
934 576
934 576
934 576
934.333 574
934.667 572
935 570
935.333 570
935.667 570
936 570
936 569.667
936 569.333
936 569
936.333 569.333
936.667 569.667
937 570
936 572.667
935 575.333
934 578
934 578
934 578
934 578
934.667 578
935.333 578
936 578
936 578
936 578
936 578
935.667 577.667
935.333 577.333
935 577
935 577
935 577
935 577
935 577
935 577
935 577
935 577
935 577
935 577
934.667 577.333
934.333 577.667
934 578
933.667 578.333
933.333 578.667
933 579
933.333 579
933.667 579
934 579
934.667 576
935.333 573
936 570
935.667 570
935.333 570
935 570
935 569.333
935 568.667
935 568
935.333 568
935.667 568
936 568
936.333 568
936.667 568
937 568
936.667 568
936.333 568
936 568
936 569
936 570
936 571
935.667 571.333
935.333 571.667
935 572
935.333 571.333
935.667 570.667
936 570
935.333 572.667
934.667 575.333
934 578
934.333 578
934.667 578
935 578
934.667 578
934.333 578
934 578
934 578
934 578
934 578
934.333 578
934.667 578
935 578
934.667 578.333
934.333 578.667
934 579
934 579
934 579
934 579
934.667 579
935.333 579
936 579
936 578.333
936 577.667
936 577
936 577
936 577
936 577
936 577
936 577
936 577
936 577.333
936 577.667
936 578
935.667 575.333
935.333 572.667
935 570
936 570.333
937 570.667
938 571
938 571
938 571
938 571
938.333 570.333
938.667 569.667
939 569
939 569.333
939 569.667
939 570
939 570
939 570
939 570
938.667 570
938.333 570
938 570
938 570
938 570
938 570
938 570
938 570
938 570
938.333 569.667
938.667 569.333
939 569
939 569
939 569
939 569
939 569
939 569
939 569
937.333 572
935.667 575
934 578
933.667 578.667
933.333 579.333
933 580
933.333 580
933.667 580
934 580
934 579.333
934 578.667
934 578
934.667 576
935.333 574
936 572
936 572
936 572
936 572
935 574
934 576
933 578
933 578
933 578
933 578
933 578
933 578
933 578
933 578
933 578
933 578
933 578
933 578
933 578
934 576
935 574
936 572
935.333 574
934.667 576
934 578
935 575.333
936 572.667
937 570
937 570
937 570
937 570
937 570.333
937 570.667
937 571
937 571
937 571
937 571
937 571
937 571
937 571
937.333 570.667
937.667 570.333
938 570
938 570
938 570
938 570
937.667 570.333
937.333 570.667
937 571
936.333 571
935.667 571
935 571
935.333 571
935.667 571
936 571
935.667 573.667
935.333 576.333
935 579
936 576
937 573
938 570
938 570
938 570
938 570
938 570
938 570
938 570
938 570
938 570
938 570
937.333 570.667
936.667 571.333
936 572
935.333 575.333
934.667 578.667
934 582
934 582
934 582
934 582
934.667 578.667
935.333 575.333
936 572
936 572.333
936 572.667
936 573
936 573
936 573
936 573
936.333 573
936.667 573
937 573
937 573
937 573
937 573
936.333 574.667
935.667 576.333
935 578
934.333 578.333
933.667 578.667
933 579
934 576.667
935 574.333
936 572
936 572
936 572
936 572
936 572
936 572
936 572
935.667 572
935.333 572
935 572
934 574
933 576
932 578
932.667 578
933.333 578
934 578
934 578
934 578
934 578
934 578
934 578
934 578
934 578
934 578
934 578
934 578
934 578
934 578
934.333 578.333
934.667 578.667
935 579
934.333 579
933.667 579
933 579
933 579
933 579
933 579
933.667 579
934.333 579
935 579
935 579
935 579
935 579
934 578.667
933 578.333
932 578
932.333 578
932.667 578
933 578
933 578
933 578
933 578
933.667 578
934.333 578
935 578
934.667 578
934.333 578
934 578
934 578
934 578
934 578
934 578
934 578
934 578
934.667 578
935.333 578
936 578
936.333 578
936.667 578
937 578
936.333 578.333
935.667 578.667
935 579
935 578.667
935 578.333
935 578
935 578
935 578
935 578
935 578
935 578
935 578
934.667 578
934.333 578
934 578
934.333 577.667
934.667 577.333
935 577
935 577
935 577
935 577
935 576.667
935 576.333
935 576
935 575.667
935 575.333
935 575
935 574.667
935 574.333
935 574
934.667 575.333
934.333 576.667
934 578
934 577.667
934 577.333
934 577
934 577
934 577
934 577
935 574.333
936 571.667
937 569
936.333 572
935.667 575
935 578
935.333 577
935.667 576
936 575
936 575
936 575
936 575
936 575
936 575
936 575
936 575
936 575
936 575
935.667 574.667
935.333 574.333
935 574
935.333 574
935.667 574
936 574
936 574
936 574
936 574
935.667 575.333
935.333 576.667
935 578
933 580.667
931 583.333
929 586
929 586
929 586
929 586
928.667 585.667
928.333 585.333
928 585
928 585
928 585
928 585
928.333 585
928.667 585
929 585
929.333 585
929.667 585
930 585
930 585
930 585
930 585
930 585
930 585
930 585
930 584.667
930 584.333
930 584
930 584
930 584
930 584
932.667 581.333
935.333 578.667
938 576
936.667 579.333
935.333 582.667
934 586
934 585.333
934 584.667
934 584
934.333 584
934.667 584
935 584
935.333 583
935.667 582
936 581
936 581
936 581
936 581
936 581
936 581
936 581
936 581
936 581
936 581
936 580.667
936 580.333
936 580
936 580.333
936 580.667
936 581
936 581
936 581
936 581
936 581
936 581
936 581
936.333 581
936.667 581
937 581
936 580
935 579
934 578
934 578
934 578
934 578
933.667 578
933.333 578
933 578
933 578
933 578
933 578
933 578
933 578
933 578
932 578.333
931 578.667
930 579
929.333 579
928.667 579
928 579
927.667 579
927.333 579
927 579
926.333 579.333
925.667 579.667
