57 924
61.3333 924
65.6667 924
70 924
70.3333 922.333
70.6667 920.667
71 919
71 919
71 919
71 919
68.6667 920
66.3333 921
64 922
65 921.667
66 921.333
67 921
69.3333 920.667
71.6667 920.333
74 920
70.6667 921.667
67.3333 923.333
64 925
65.6667 925
67.3333 925
69 925
70 925
71 925
72 925
66.6667 926.333
61.3333 927.667
56 929
57.3333 929
58.6667 929
60 929
63.3333 929.667
66.6667 930.333
70 931
68.3333 926
66.6667 921
65 916
63 912.667
61 909.333
59 906
53 909.333
47 912.667
41 916
36.6667 918.667
32.3333 921.333
28 924
31.3333 924.333
34.6667 924.667
38 925
42 925
46 925
50 925
48.3333 925.667
46.6667 926.333
45 927
42.6667 927
40.3333 927
38 927
40.3333 926.667
42.6667 926.333
45 926
43 925.667
41 925.333
39 925
39 925.667
39 926.333
39 927
41.3333 925.667
43.6667 924.333
46 923
42.6667 923.333
39.3333 923.667
36 924
36 924
36 924
36 924
37.3333 918.333
38.6667 912.667
40 907
42.6667 911
45.3333 915
48 919
48 919.333
48 919.667
48 920
50 919.333
52 918.667
54 918
54 918.333
54 918.667
54 919
49.6667 920
45.3333 921
41 922
42.3333 921
43.6667 920
45 919
45 919
45 919
45 919
44.3333 919.333
43.6667 919.667
43 920
41.3333 915.667
39.6667 911.333
38 907
38 907
38 907
38 907
38 907
38 907
38 907
42.3333 913.667
46.6667 920.333
51 927
52.6667 928.333
54.3333 929.667
56 931
50 924.333
44 917.667
38 911
42.3333 917.667
46.6667 924.333
51 931
51.3333 930.333
51.6667 929.667
52 929
51.6667 929
51.3333 929
51 929
50.6667 929
50.3333 929
50 929
52.3333 929.333
54.6667 929.667
57 930
54.3333 931.333
51.6667 932.667
49 934
50.6667 936
52.3333 938
54 940
59.6667 939
65.3333 938
71 937
67.3333 938
63.6667 939
60 940
60 938.333
60 936.667
60 935
61 929
62 923
63 917
63 919.333
63 921.667
63 924
58 921.667
53 919.333
48 917
51.6667 918
55.3333 919
59 920
58.6667 920
58.3333 920
58 920
58.6667 923.333
59.3333 926.667
60 930
63.3333 929.667
66.6667 929.333
70 929
70 929.333
70 929.667
70 930
64.3333 930.667
58.6667 931.333
53 932
55.3333 930.667
57.6667 929.333
60 928
57.6667 922.333
55.3333 916.667
53 911
47 909
41 907
35 905
36.3333 904.333
37.6667 903.667
39 903
41.3333 905.667
43.6667 908.333
46 911
44.6667 911.667
43.3333 912.333
42 913
43.3333 913.333
44.6667 913.667
46 914
48.6667 914.667
51.3333 915.333
54 916
49 913.333
44 910.667
39 908
40.3333 906
41.6667 904
43 902
43.6667 901
44.3333 900
45 899
45.3333 902
45.6667 905
46 908
46 910
46 912
46 914
51.6667 916
57.3333 918
63 920
57 918.333
51 916.667
45 915
45.3333 915
45.6667 915
46 915
48 915
50 915
52 915
50 915
48 915
46 915
46 915
46 915
46 915
51 920
56 925
61 930
56 924
51 918
46 912
45.3333 913.333
44.6667 914.667
44 916
46 914.667
48 913.333
50 912
51.3333 918.667
52.6667 925.333
54 932
50 926.333
46 920.667
42 915
44.3333 915.667
46.6667 916.333
49 917
51.6667 919.667
54.3333 922.333
57 925
57.3333 925
57.6667 925
58 925
58 924
58 923
58 922
55 918.333
52 914.667
49 911
48 915
47 919
46 923
50 923
54 923
58 923
58 924.333
58 925.667
58 927
56 928
54 929
52 930
52 924.667
52 919.333
52 914
55 917.333
58 920.667
61 924
58.3333 928.333
55.6667 932.667
53 937
56 937.333
59 937.667
62 938
64 935
66 932
68 929
63.3333 927.333
58.6667 925.667
54 924
54 923.667
54 923.333
54 923
54.6667 923
55.3333 923
56 923
51.6667 921.333
47.3333 919.667
43 918
42.6667 918
42.3333 918
42 918
41.6667 914.333
41.3333 910.667
41 907
42 912.333
43 917.667
44 923
44.6667 920.667
45.3333 918.333
46 916
51.6667 918.667
57.3333 921.333
63 924
62.6667 924
62.3333 924
62 924
61.6667 924.667
61.3333 925.333
61 926
64.6667 925.333
68.3333 924.667
72 924
66 917.333
60 910.667
54 904
49.6667 899.667
45.3333 895.333
41 891
42.6667 893
44.3333 895
46 897
45.6667 898
45.3333 899
45 900
39 893.333
33 886.667
27 880
36 886.333
45 892.667
54 899
52.6667 901
51.3333 903
50 905
44 901.667
38 898.333
32 895
39.3333 897
46.6667 899
54 901
54 901
54 901
54 901
50.6667 904.667
47.3333 908.333
44 912
48.3333 910.667
52.6667 909.333
57 908
58 904.333
59 900.667
60 897
55.3333 897
50.6667 897
46 897
49.6667 898.333
53.3333 899.667
57 901
57.3333 901
57.6667 901
58 901
63 895
68 889
73 883
78.6667 882.667
84.3333 882.333
90 882
88 876.667
86 871.333
84 866
85 871
86 876
87 881
86.6667 876.667
86.3333 872.333
86 868
89.6667 867.667
93.3333 867.333
97 867
94 871
91 875
88 879
88 879
88 879
88 879
92.3333 881.333
96.6667 883.667
101 886
95 880.333
89 874.667
83 869
84.3333 873.667
85.6667 878.333
87 883
91.3333 881
95.6667 879
100 877
98.6667 879.667
97.3333 882.333
96 885
91.3333 884
86.6667 883
82 882
85.6667 879.333
89.3333 876.667
93 874
90 869
87 864
84 859
79.3333 856.667
74.6667 854.333
70 852
73.3333 852.667
76.6667 853.333
80 854
81.6667 859.667
83.3333 865.333
85 871
85.3333 871
85.6667 871
86 871
89.6667 876.333
93.3333 881.667
97 887
96 887.333
95 887.667
94 888
92 886
90 884
88 882
91.3333 879.667
94.6667 877.333
98 875
99.6667 878.667
101.333 882.333
103 886
99.6667 886
96.3333 886
93 886
98.6667 887
104.333 888
110 889
111.333 889.333
112.667 889.667
114 890
108 890.333
102 890.667
96 891
98 890.333
100 889.667
102 889
102.667 884.667
103.333 880.333
104 876
101.667 879.333
99.3333 882.667
97 886
97.6667 882.333
98.3333 878.667
99 875
104.667 879
110.333 883
116 887
113.333 892.667
110.667 898.333
108 904
104.667 900
101.333 896
98 892
100.333 886.667
102.667 881.333
105 876
103 879
101 882
99 885
99 884.667
99 884.333
99 884
101.667 883
104.333 882
107 881
108 884.333
109 887.667
110 891
110 891
110 891
110 891
112.667 890
115.333 889
118 888
114 885
110 882
106 879
105.333 883.333
104.667 887.667
104 892
109.667 892.667
115.333 893.333
121 894
120.333 894
119.667 894
119 894
123.333 900.667
127.667 907.333
132 914
135 917
138 920
141 923
144.333 922.333
147.667 921.667
151 921
145 919.667
139 918.333
133 917
137.333 917.333
141.667 917.667
146 918
145 919.667
144 921.333
143 923
138.667 921.667
134.333 920.333
130 919
134.333 921.333
138.667 923.667
143 926
144.333 926.667
145.667 927.333
147 928
141 927
135 926
129 925
132 924.667
135 924.333
138 924
140 924.333
142 924.667
144 925
138.667 925.333
133.333 925.667
128 926
124.333 922.667
120.667 919.333
117 916
120.667 911.333
124.333 906.667
128 902
124.333 908.333
120.667 914.667
117 921
116 915.333
115 909.667
114 904
112.667 899.333
111.333 894.667
110 890
109.667 892.333
109.333 894.667
109 897
109 899.667
109 902.333
109 905
113 903
117 901
121 899
117 899.333
113 899.667
109 900
103 893.667
97 887.333
91 881
94 879
97 877
100 875
101 877
102 879
103 881
97.6667 879
92.3333 877
87 875
92 874.333
97 873.667
102 873
97.3333 872.667
92.6667 872.333
88 872
85.6667 872.333
83.3333 872.667
81 873
80 871.333
79 869.667
78 868
76 869.667
74 871.333
72 873
69.6667 874.667
67.3333 876.333
65 878
65 878
65 878
65 878
63.6667 879
62.3333 880
61 881
60.3333 880.333
59.6667 879.667
59 879
59 879
59 879
59 879
54 883.333
49 887.667
44 892
42.6667 898.333
41.3333 904.667
40 911
42.3333 912.667
44.6667 914.333
47 916
49 916.333
51 916.667
53 917
50.6667 919
48.3333 921
46 923
40.3333 918
34.6667 913
29 908
29 904.667
29 901.333
29 898
27.6667 899.333
26.3333 900.667
25 902
25 902
25 902
25 902
25.6667 898.667
26.3333 895.333
27 892
26 893.333
25 894.667
24 896
23.3333 896
22.6667 896
22 896
24.3333 897.333
26.6667 898.667
29 900
27.6667 900.333
26.3333 900.667
25 901
25 901.333
25 901.667
25 902
27.3333 902.333
29.6667 902.667
32 903
30 902
28 901
26 900
27.3333 906
28.6667 912
30 918
32.6667 913
35.3333 908
38 903
35.6667 904
33.3333 905
31 906
32.3333 912.667
33.6667 919.333
35 926
35 919.333
35 912.667
35 906
33.3333 907
31.6667 908
30 909
30 912
30 915
30 918
35.6667 923
41.3333 928
47 933
44 928.333
41 923.667
38 919
40.6667 913
43.3333 907
46 901
51.6667 896.667
57.3333 892.333
63 888
66.3333 889.333
69.6667 890.667
73 892
69.3333 891.667
65.6667 891.333
62 891
64.6667 891.667
67.3333 892.333
70 893
70.3333 893
70.6667 893
71 893
68.6667 893
66.3333 893
64 893
64 893
64 893
64 893
64 892
64 891
64 890
62 890.667
60 891.333
58 892
58.3333 892.333
58.6667 892.667
59 893
61 892.333
63 891.667
65 891
63 891.333
61 891.667
59 892
59.3333 893.667
59.6667 895.333
60 897
64 902
68 907
72 912
66 908.667
60 905.333
54 902
52.3333 902
50.6667 902
49 902
50.6667 903.333
52.3333 904.667
54 906
54.3333 910.333
54.6667 914.667
55 919
54.3333 921
53.6667 923
53 925
54.6667 924.667
56.3333 924.333
58 924
58 924.667
58 925.333
58 926
55.6667 927
53.3333 928
51 929
54 927.667
57 926.333
60 925
59.6667 926.667
59.3333 928.333
59 930
58.3333 928.333
57.6667 926.667
57 925
60 920
63 915
66 910
70 911.667
74 913.333
78 915
75.3333 914.333
72.6667 913.667
70 913
69.6667 912.667
69.3333 912.333
69 912
70 910.333
71 908.667
72 907
67.6667 906.333
63.3333 905.667
59 905
58.6667 907.667
58.3333 910.333
58 913
55.3333 908.667
52.6667 904.333
50 900
45.6667 898.667
41.3333 897.333
37 896
37.6667 895.667
38.3333 895.333
39 895
40.3333 895.667
41.6667 896.333
43 897
41.6667 899
40.3333 901
39 903
33.3333 898
27.6667 893
22 888
30 891.667
38 895.333
46 899
43.3333 901.667
40.6667 904.333
38 907
43.3333 905
48.6667 903
54 901
56.3333 905
58.6667 909
61 913
61 913
61 913
61 913
59.6667 914
58.3333 915
57 916
56.6667 913
56.3333 910
56 907
52.6667 904
49.3333 901
46 898
46 902.333
46 906.667
46 911
45 906.667
44 902.333
43 898
44 898.667
45 899.333
46 900
48.3333 905
50.6667 910
53 915
54.3333 914.333
55.6667 913.667
57 913
57 913.333
57 913.667
57 914
56 914.667
55 915.333
54 916
55.3333 915
56.6667 914
58 913
58 913
58 913
58 913
54.6667 913.333
51.3333 913.667
48 914
50.6667 914
53.3333 914
56 914
55.6667 912.667
55.3333 911.333
55 910
53 911.333
51 912.667
49 914
49 911.333
49 908.667
49 906
50.6667 908
52.3333 910
54 912
52.3333 913
50.6667 914
49 915
50.3333 920
51.6667 925
53 930
53 930
53 930
53 930
53 930
53 930
53 930
52.6667 932
52.3333 934
52 936
54.6667 935.667
57.3333 935.333
60 935
58 934.333
56 933.667
54 933
53.3333 931.333
52.6667 929.667
52 928
53.3333 927.667
54.6667 927.333
56 927
55.3333 928.667
54.6667 930.333
54 932
53.6667 932.333
53.3333 932.667
53 933
58.6667 934
64.3333 935
70 936
66.6667 936
63.3333 936
60 936
54 937
48 938
42 939
36 936
30 933
24 930
25 930
26 930
27 930
25.3333 930.667
23.6667 931.333
22 932
23.3333 930.667
24.6667 929.333
26 928
27 928
28 928
29 928
26.6667 929.667
24.3333 931.333
22 933
24.3333 932
26.6667 931
29 930
32.6667 928
36.3333 926
40 924
35 925
30 926
25 927
29 927
33 927
37 927
38.6667 927
40.3333 927
42 927
39 920.333
36 913.667
33 907
34.6667 907
36.3333 907
38 907
39.3333 907
40.6667 907
42 907
39.3333 906.667
36.6667 906.333
34 906
30.3333 906.333
26.6667 906.667
23 907
24.3333 907
25.6667 907
27 907
31 906
35 905
39 904
33.6667 904.667
28.3333 905.333
23 906
25 906.333
27 906.667
29 907
31.3333 912.333
33.6667 917.667
36 923
34 921
32 919
30 917
37.3333 922.333
44.6667 927.667
52 933
54.3333 926.333
56.6667 919.667
59 913
59.6667 912.667
60.3333 912.333
61 912
63 911.333
65 910.667
67 910
64.6667 911.333
62.3333 912.667
60 914
60.6667 913.667
61.3333 913.333
62 913
65 913
68 913
71 913
69.3333 913.333
67.6667 913.667
66 914
66.6667 915.333
67.3333 916.667
68 918
73.6667 919.667
79.3333 921.333
85 923
87.3333 921.333
89.6667 919.667
92 918
88.6667 914.667
85.3333 911.333
82 908
86.3333 906.667
90.6667 905.333
95 904
99.3333 910.333
103.667 916.667
108 923
112 923.333
116 923.667
120 924
115 923.333
110 922.667
105 922
105 921.333
105 920.667
105 920
105 920
105 920
105 920
105.667 918.667
106.333 917.333
107 916
108 916.333
109 916.667
110 917
112 913.667
114 910.333
116 907
118.667 907
121.333 907
124 907
122.333 912
120.667 917
119 922
118.667 922.667
118.333 923.333
118 924
115 921
112 918
109 915
105.667 911
102.333 907
99 903
93 908
87 913
81 918
81 918.667
81 919.333
81 920
75 918.667
69 917.333
63 916
59.6667 914.333
56.3333 912.667
53 911
56 913.333
59 915.667
62 918
61.3333 916.333
60.6667 914.667
60 913
57 913.333
54 913.667
51 914
50.6667 914.667
50.3333 915.333
50 916
52.6667 916.333
55.3333 916.667
58 917
56.3333 916
54.6667 915
53 914
53.3333 913.667
53.6667 913.333
54 913
54 908.333
54 903.667
54 899
57.6667 904.333
61.3333 909.667
65 915
70.6667 914.333
76.3333 913.667
82 913
76.6667 914
71.3333 915
66 916
66.3333 916
66.6667 916
67 916
61.6667 913.667
56.3333 911.333
51 909
50.6667 904.667
50.3333 900.333
50 896
50.3333 896
50.6667 896
51 896
47.3333 897
43.6667 898
40 899
42 898
44 897
46 896
47 896
48 896
49 896
45.6667 895.333
42.3333 894.667
39 894
38.6667 887.333
38.3333 880.667
38 874
42 868.667
46 863.333
50 858
55.6667 855
61.3333 852
67 849
68.6667 849
70.3333 849
72 849
72 846.667
72 844.333
72 842
69.3333 841.667
66.6667 841.333
64 841
63.3333 841
62.6667 841
62 841
65.3333 841.667
68.6667 842.333
72 843
70 842
68 841
66 840
65.3333 838
64.6667 836
64 834
66.6667 834
69.3333 834
72 834
69.6667 834.333
67.3333 834.667
65 835
66.3333 840.333
67.6667 845.667
69 851
72 849
75 847
78 845
76 844.333
74 843.667
72 843
70.6667 842.333
69.3333 841.667
68 841
71 842
74 843
77 844
80 838
83 832
86 826
80 832
74 838
68 844
71 843
74 842
77 841
76.6667 841
76.3333 841
76 841
73.3333 845
70.6667 849
68 853
68.3333 847.667
68.6667 842.333
69 837
71.6667 841.667
74.3333 846.333
77 851
74.6667 856.333
72.3333 861.667
70 867
72.3333 866.667
74.6667 866.333
77 866
77.3333 861
77.6667 856
78 851
75.3333 854.667
72.6667 858.333
70 862
71.3333 862.333
72.6667 862.667
74 863
74.3333 861.667
74.6667 860.333
75 859
73 860.333
71 861.667
69 863
71 863
73 863
75 863
77 862.333
79 861.667
81 861
76.6667 859.667
72.3333 858.333
68 857
71.6667 863.667
75.3333 870.333
79 877
79.6667 871.333
80.3333 865.667
81 860
79 865
77 870
75 875
75.3333 875
75.6667 875
76 875
80 874.667
84 874.333
88 874
84 874
80 874
76 874
75.3333 874.333
74.6667 874.667
74 875
75 868.333
76 861.667
77 855
76.3333 855.667
75.6667 856.333
75 857
73.3333 860.333
71.6667 863.667
70 867
73 867.333
76 867.667
79 868
78.6667 868
78.3333 868
78 868
74.6667 867.333
71.3333 866.667
68 866
71.6667 865.667
75.3333 865.333
79 865
77.6667 865.667
76.3333 866.333
75 867
75.6667 872.667
76.3333 878.333
77 884
76.6667 880
76.3333 876
76 872
77 872
78 872
79 872
78.3333 871.667
77.6667 871.333
77 871
78 871
79 871
80 871
84.6667 875.667
89.3333 880.333
94 885
88 882.333
82 879.667
76 877
79.6667 878
83.3333 879
87 880
88 879.333
89 878.667
90 878
86 877.333
82 876.667
78 876
77 872.667
76 869.333
75 866
78.3333 866.333
81.6667 866.667
85 867
85.3333 872.667
85.6667 878.333
86 884
86.6667 883.333
87.3333 882.667
88 882
89.3333 880.333
90.6667 878.667
92 877
89.6667 879
87.3333 881
85 883
85.3333 886
85.6667 889
86 892
90 892.333
94 892.667
98 893
101.667 899
105.333 905
109 911
108.333 912.333
107.667 913.667
107 915
111 916
115 917
119 918
117.667 918
116.333 918
115 918
114.333 917.667
113.667 917.333
113 917
111.667 916.333
110.333 915.667
109 915
109.333 912.333
109.667 909.667
110 907
111 912.333
112 917.667
113 923
118.667 924
124.333 925
130 926
127.333 923.333
124.667 920.667
122 918
117.333 917.333
112.667 916.667
108 916
111 916.667
114 917.333
117 918
119 919.667
121 921.333
123 923
117.667 922
112.333 921
107 920
110.333 919.333
113.667 918.667
117 918
118.667 919.667
120.333 921.333
122 923
119.333 921.333
116.667 919.667
114 918
110 911.333
106 904.667
102 898
103.333 897.667
104.667 897.333
106 897
100 895
94 893
88 891
89.6667 892
91.3333 893
93 894
97.3333 897
101.667 900
106 903
102.333 902
98.6667 901
95 900
95.3333 900
95.6667 900
96 900
100.667 902.333
105.333 904.667
110 907
110.667 910
111.333 913
112 916
112 916
112 916
112 916
116 916
120 916
124 916
122.667 918
121.333 920
120 922
119 922.333
118 922.667
117 923
121.333 922.333
125.667 921.667
130 921
131.667 914.333
133.333 907.667
135 901
138 897.667
141 894.333
144 891
144.667 886.667
145.333 882.333
146 878
146 878.333
146 878.667
146 879
143.333 878.667
140.667 878.333
138 878
142 877
146 876
150 875
149 874.333
148 873.667
147 873
144.667 876.333
142.333 879.667
140 883
142.333 880.333
144.667 877.667
147 875
147 874.667
147 874.333
147 874
145.333 877
143.667 880
142 883
144.667 883
147.333 883
150 883
150.667 883
151.333 883
152 883
146 878.333
140 873.667
134 869
134.667 865.667
135.333 862.333
136 859
136 859
136 859
136 859
131.333 858
126.667 857
122 856
127.333 852.667
132.667 849.333
138 846
137.333 847.667
136.667 849.333
136 851
135.667 857.667
135.333 864.333
135 871
135 867
135 863
135 859
139.667 864.333
144.333 869.667
149 875
149.667 880.333
150.333 885.667
151 891
150.667 891.667
150.333 892.333
150 893
150 887
150 881
150 875
148.333 875.667
146.667 876.333
145 877
144 878.333
143 879.667
142 881
143.667 876.667
145.333 872.333
147 868
143.667 867.333
140.333 866.667
137 866
134.333 865.667
131.667 865.333
129 865
132.333 865
135.667 865
139 865
137 861
135 857
133 853
131.667 858.333
130.333 863.667
129 869
134.333 868.333
139.667 867.667
145 867
144.333 867
143.667 867
143 867
139.333 865.333
135.667 863.667
132 862
136 861.333
140 860.667
144 860
143.333 862.333
142.667 864.667
142 867
136.667 864.333
131.333 861.667
126 859
130.333 860.333
134.667 861.667
139 863
140.333 863.667
141.667 864.333
143 865
144 870
145 875
146 880
146.667 877
147.333 874
148 871
148.333 872.333
148.667 873.667
149 875
145 876.333
141 877.667
137 879
137.667 876.667
138.333 874.333
139 872
139.333 867.667
139.667 863.333
140 859
138.667 861.333
137.333 863.667
136 866
139 868
142 870
145 872
146.667 871.667
148.333 871.333
150 871
146 870.333
142 869.667
138 869
137.667 869
137.333 869
137 869
140 869
143 869
146 869
148 875
150 881
152 887
150 887
148 887
146 887
147 880.333
148 873.667
149 867
145.667 865
142.333 863
139 861
136 860
133 859
130 858
134 858.333
138 858.667
142 859
144 864.333
146 869.667
148 875
142 870
136 865
130 860
134.333 859.333
138.667 858.667
143 858
145 863.667
147 869.333
149 875
145 874
141 873
137 872
141.333 873
145.667 874
150 875
150 875
150 875
150 875
145.333 873.333
140.667 871.667
136 870
139.333 869
142.667 868
146 867
146 866.667
146 866.333
146 866
145 866.333
144 866.667
143 867
143 867
143 867
143 867
145 864.333
147 861.667
149 859
145 858.333
141 857.667
137 857
138.667 856.667
140.333 856.333
142 856
139.333 850
136.667 844
134 838
135.667 844.667
137.333 851.333
139 858
139 858.333
139 858.667
139 859
138.333 853.667
137.667 848.333
137 843
134 841.333
131 839.667
128 838
128 838
128 838
128 838
132 840
136 842
140 844
136.667 844
133.333 844
130 844
131.333 846.333
132.667 848.667
134 851
135.667 847.333
137.333 843.667
139 840
139 846.333
139 852.667
139 859
136.333 859
133.667 859
131 859
133.667 857
136.333 855
139 853
139 853
139 853
139 853
135.667 852.667
132.333 852.333
129 852
133.333 850.667
137.667 849.333
142 848
142 849.667
142 851.333
142 853
136 849
130 845
124 841
126.667 841.667
129.333 842.333
132 843
135.333 844.333
138.667 845.667
142 847
137.667 843
133.333 839
129 835
132 840.333
135 845.667
138 851
139 851
140 851
141 851
140 857.667
139 864.333
138 871
142 873
146 875
150 877
151.667 877
153.333 877
155 877
150.667 874.333
146.333 871.667
142 869
142.333 869
142.667 869
143 869
145.333 871
147.667 873
150 875
147.667 874.333
145.333 873.667
143 873
143.667 872.333
144.333 871.667
145 871
149.333 869.667
153.667 868.333
158 867
153 867
148 867
143 867
142.667 867
142.333 867
142 867
144.667 868.333
147.333 869.667
150 871
144.667 867.333
139.333 863.667
134 860
133.667 859.667
133.333 859.333
133 859
138.667 864
144.333 869
150 874
147 871.667
144 869.333
141 867
143.333 869.667
145.667 872.333
148 875
147.667 870.667
147.333 866.333
147 862
144.667 858.333
142.333 854.667
140 851
137.667 851.667
135.333 852.333
133 853
135.333 853
137.667 853
140 853
143.333 855
146.667 857
150 859
145.333 858
140.667 857
136 856
137.333 852
138.667 848
140 844
138 838.333
136 832.667
134 827
130 826.333
126 825.667
122 825
126.667 826.333
131.333 827.667
136 829
136 829
136 829
136 829
131.333 827.667
126.667 826.333
122 825
125.333 825.667
128.667 826.333
132 827
134.667 828
137.333 829
140 830
134 826.333
128 822.667
122 819
124.333 819.333
126.667 819.667
129 820
128 814.333
127 808.667
126 803
126 809.667
126 816.333
126 823
126 822.667
126 822.333
126 822
125 815.333
124 808.667
123 802
121.667 804
120.333 806
119 808
119 809
119 810
119 811
123.667 811.667
128.333 812.333
133 813
130 815
127 817
124 819
121.667 813
119.333 807
117 801
120 799
123 797
126 795
124.667 794.333
123.333 793.667
122 793
121 799.333
120 805.667
119 812
121.333 806.333
123.667 800.667
126 795
124.333 796.667
122.667 798.333
121 800
118.333 800.333
115.667 800.667
113 801
118.667 800.333
124.333 799.667
130 799
128.667 799.667
127.333 800.333
126 801
122.667 801.667
119.333 802.333
116 803
121.667 808
127.333 813
133 818
132.333 817.667
131.667 817.333
131 817
127 816.667
123 816.333
119 816
124 818
129 820
134 822
133.667 828
133.333 834
133 840
134.333 842.667
135.667 845.333
137 848
136 841.333
135 834.667
134 828
136.667 828.667
139.333 829.333
142 830
136.667 830
131.333 830
126 830
129.667 831.333
133.333 832.667
137 834
137.667 834
138.333 834
139 834
133 829
127 824
121 819
122 813.667
123 808.333
124 803
127.667 804.667
131.333 806.333
135 808
131.667 807
128.333 806
125 805
125 809.667
125 814.333
125 819
128.333 818
131.667 817
135 816
132.333 816
129.667 816
127 816
124 811.667
121 807.333
118 803
120.667 801.667
123.333 800.333
126 799
126 800.333
126 801.667
126 803
122.667 803
119.333 803
116 803
120.333 804.333
124.667 805.667
129 807
126.333 803
123.667 799
121 795
118.333 794.333
115.667 793.667
113 793
118 797
123 801
128 805
127.333 804.667
126.667 804.333
126 804
123 804
120 804
117 804
120.333 806.333
123.667 808.667
127 811
130 811.333
133 811.667
136 812
132.667 814.333
129.333 816.667
126 819
128.333 818.667
130.667 818.333
133 818
134 816
135 814
136 812
131.333 814.333
126.667 816.667
122 819
125 818.667
128 818.333
131 818
132 813.333
133 808.667
134 804
131.333 803.667
128.667 803.333
126 803
127.333 803.333
128.667 803.667
130 804
129.667 801
129.333 798
129 795
125 793.333
121 791.667
117 790
118.667 790.333
120.333 790.667
122 791
125 793.667
128 796.333
131 799
129 805.667
127 812.333
125 819
128 824.333
131 829.667
134 835
134.667 829
135.333 823
136 817
130.667 810.333
125.333 803.667
120 797
120 796.333
120 795.667
120 795
123.333 794.667
126.667 794.333
130 794
126.333 787.667
122.667 781.333
119 775
119.333 775
119.667 775
120 775
122 781.667
124 788.333
126 795
126 795
126 795
126 795
123.333 795.333
120.667 795.667
118 796
121 795.333
124 794.667
127 794
126.667 794.333
126.333 794.667
126 795
120.667 792.333
115.333 789.667
110 787
112.667 788
115.333 789
118 790
118 786.333
118 782.667
118 779
114.667 777.667
111.333 776.333
108 775
112 780.333
116 785.667
120 791
121.333 791.333
122.667 791.667
124 792
122 791.667
120 791.333
118 791
119.667 791.667
121.333 792.333
123 793
124.667 792.667
126.333 792.333
128 792
127 797.667
126 803.333
125 809
125.333 804
125.667 799
126 794
128.667 797
131.333 800
134 803
130.333 802.333
126.667 801.667
123 801
124 801.667
125 802.333
126 803
128.667 803.333
131.333 803.667
134 804
130.667 806.333
127.333 808.667
124 811
124 807.333
124 803.667
124 800
126.667 800.333
129.333 800.667
132 801
128.667 800
125.333 799
122 798
122 798.333
122 798.667
122 799
127.667 801.667
133.333 804.333
139 807
135.667 805.333
132.333 803.667
129 802
126.667 801.333
124.333 800.667
122 800
123.333 798.333
124.667 796.667
126 795
125 794.333
124 793.667
123 793
121.333 799
119.667 805
118 811
112 804.333
106 797.667
100 791
94 797.667
88 804.333
82 811
78.6667 809.333
75.3333 807.667
72 806
72 799.333
72 792.667
72 786
72 786
72 786
72 786
69 788.333
66 790.667
63 793
57 786.333
51 779.667
45 773
46.3333 773.333
47.6667 773.667
49 774
46.3333 772.667
43.6667 771.333
41 770
36.6667 770.333
32.3333 770.667
28 771
28.6667 771
29.3333 771
30 771
28.6667 771.333
27.3333 771.667
26 772
27 771.333
28 770.667
29 770
30.3333 770.333
31.6667 770.667
33 771
32 776
31 781
30 786
28 779.333
26 772.667
24 766
25.6667 766
27.3333 766
29 766
26.6667 766
24.3333 766
22 766
22.3333 766
22.6667 766
23 766
25.6667 767.667
28.3333 769.333
31 771
28 769.333
25 767.667
22 766
28 765
34 764
40 763
34.6667 763
29.3333 763
24 763
23.3333 758.333
22.6667 753.667
22 749
22 753.667
22 758.333
22 763
22.6667 759
23.3333 755
24 751
24.6667 754.333
25.3333 757.667
26 761
26 761
26 761
26 761
27.6667 760
29.3333 759
31 758
30.3333 758.667
29.6667 759.333
29 760
26.6667 760
24.3333 760
22 760
24 761.333
26 762.667
28 764
28 764
28 764
28 764
29 763.667
30 763.333
31 763
29.3333 762.333
27.6667 761.667
26 761
32.6667 761
39.3333 761
46 761
45.6667 756.333
45.3333 751.667
45 747
40.6667 753.667
36.3333 760.333
32 767
34 768
36 769
38 770
32.6667 769
27.3333 768
22 767
23.3333 765.667
24.6667 764.333
26 763
35.6667 759
45.3333 755
55 751
55 744.333
55 737.667
55 731
57.3333 728.333
59.6667 725.667
62 723
66 723.667
70 724.333
74 725
68 718.333
62 711.667
56 705
50.6667 708.333
45.3333 711.667
40 715
41 713.667
42 712.333
43 711
41.6667 711
40.3333 711
39 711
44.3333 713
49.6667 715
55 717
52.3333 716.333
49.6667 715.667
47 715
44 715.667
41 716.333
38 717
37 716
36 715
35 714
37 713.333
39 712.667
41 712
41 711.333
41 710.667
41 710
41 711
41 712
41 713
43 713.333
45 713.667
47 714
44 714.333
41 714.667
38 715
39.6667 710.333
41.3333 705.667
43 701
45 702
47 703
49 704
46.3333 707.667
43.6667 711.333
41 715
38.6667 713.667
36.3333 712.333
34 711
36 710.667
38 710.333
40 710
41 710.333
42 710.667
43 711
41 715.667
39 720.333
37 725
39.6667 725.667
42.3333 726.333
45 727
45 727.667
45 728.333
45 729
44.3333 729
43.6667 729
43 729
44.6667 728.667
46.3333 728.333
48 728
52.3333 728.667
56.6667 729.333
61 730
58.6667 730.333
56.3333 730.667
54 731
57 731
60 731
63 731
66.6667 726.667
70.3333 722.333
74 718
70 721.667
66 725.333
62 729
56 723.667
50 718.333
44 713
38.6667 712
33.3333 711
28 710
33.3333 710
38.6667 710
44 710
41.6667 705.333
39.3333 700.667
37 696
39.3333 697.333
41.6667 698.667
44 700
43.3333 700
42.6667 700
42 700
47.6667 706.667
53.3333 713.333
59 720
59.6667 715.667
60.3333 711.333
61 707
58.6667 706.667
56.3333 706.333
54 706
52.3333 703.667
50.6667 701.333
49 699
53.6667 702
58.3333 705
63 708
62.6667 708
62.3333 708
62 708
59.3333 707.667
56.6667 707.333
54 707
56.3333 707.333
58.6667 707.667
61 708
63.6667 712.333
66.3333 716.667
69 721
63.6667 715.333
58.3333 709.667
53 704
56 704.333
59 704.667
62 705
62 705
62 705
62 705
59.3333 711.667
56.6667 718.333
54 725
56.6667 727
59.3333 729
62 731
62.6667 731.333
63.3333 731.667
64 732
60.3333 729.667
56.6667 727.333
53 725
50.3333 722.333
47.6667 719.667
45 717
47 711
49 705
51 699
55.6667 702
60.3333 705
65 708
60 701.333
55 694.667
50 688
49.6667 685
49.3333 682
49 679
46 680.333
43 681.667
40 683
43.3333 677.333
46.6667 671.667
50 666
50 665.333
50 664.667
50 664
54.6667 661.333
59.3333 658.667
64 656
68 656.667
72 657.333
76 658
76 651.333
76 644.667
76 638
76.6667 642
77.3333 646
78 650
83.6667 644
89.3333 638
95 632
98 633
101 634
104 635
102.667 635
101.333 635
100 635
98 641.667
96 648.333
94 655
92.6667 653.333
91.3333 651.667
90 650
94.6667 652.667
99.3333 655.333
104 658
103.333 657.333
102.667 656.667
102 656
103.333 656.667
104.667 657.333
106 658
106.667 659.667
107.333 661.333
108 663
102 656.333
96 649.667
90 643
85.3333 643
80.6667 643
76 643
74 645.667
72 648.333
70 651
64.6667 651
59.3333 651
54 651
58.3333 653.333
62.6667 655.667
67 658
67.3333 662.667
67.6667 667.333
68 672
63.6667 671.333
59.3333 670.667
55 670
56 674.333
57 678.667
58 683
61.3333 678
64.6667 673
68 668
63.6667 668.667
59.3333 669.333
55 670
54.3333 670.333
53.6667 670.667
53 671
57 670.333
61 669.667
65 669
60.6667 663
56.3333 657
52 651
53.3333 648.333
54.6667 645.667
56 643
58.6667 645
61.3333 647
64 649
61.3333 647
58.6667 645
56 643
56 643.333
56 643.667
56 644
60.3333 650.667
64.6667 657.333
69 664
66.3333 658.333
63.6667 652.667
61 647
58.3333 649
55.6667 651
53 653
53.6667 657.667
54.3333 662.333
55 667
59.3333 671.667
63.6667 676.333
68 681
66.6667 679.667
65.3333 678.333
64 677
68.6667 680
73.3333 683
78 686
82.3333 690.333
86.6667 694.667
91 699
96.6667 699
102.333 699
108 699
109.667 703.667
111.333 708.333
113 713
116.333 706.333
119.667 699.667
123 693
118 695
113 697
108 699
108.667 697.667
109.333 696.333
110 695
113 688.333
116 681.667
119 675
115.333 672.333
111.667 669.667
108 667
113.667 664.333
119.333 661.667
125 659
122.667 653.333
120.333 647.667
118 642
115.333 647.667
112.667 653.333
110 659
110.667 652.333
111.333 645.667
112 639
116.333 645.667
120.667 652.333
125 659
123.333 661
121.667 663
120 665
119.667 663.333
119.333 661.667
119 660
118.667 661.333
118.333 662.667
118 664
115.667 659.333
113.333 654.667
111 650
113 654
115 658
117 662
117 661
117 660
117 659
116.333 661
115.667 663
115 665
112.333 662.667
109.667 660.333
107 658
110.333 656.333
113.667 654.667
117 653
113.667 655.333
110.333 657.667
107 660
110 660.333
113 660.667
116 661
116 656
116 651
116 646
114.333 652.667
112.667 659.333
111 666
110.667 665
110.333 664
110 663
113.667 664
117.333 665
121 666
120.333 666.667
119.667 667.333
119 668
119 668.333
119 668.667
119 669
123.333 668
127.667 667
132 666
130.667 659.333
129.333 652.667
128 646
122.667 651
117.333 656
112 661
114.333 654.333
116.667 647.667
119 641
120 636.667
121 632.333
122 628
119.667 633.333
117.333 638.667
115 644
115 649.333
115 654.667
115 660
116.333 661
117.667 662
119 663
115.333 661.333
111.667 659.667
108 658
111.333 661.333
114.667 664.667
118 668
120 665.333
122 662.667
124 660
121.333 659.333
118.667 658.667
116 658
118.667 658
121.333 658
124 658
124.333 658.667
124.667 659.333
125 660
122.333 659.667
119.667 659.333
117 659
117.667 661.333
118.333 663.667
119 666
121.333 663.667
123.667 661.333
126 659
123.333 657.667
120.667 656.333
118 655
117.333 656.333
116.667 657.667
116 659
120 662.333
124 665.667
128 669
124 662.333
120 655.667
116 649
116.667 655.667
117.333 662.333
118 669
121.667 668.667
125.333 668.333
129 668
126 668.333
123 668.667
120 669
119.667 668.667
119.333 668.333
119 668
122.333 667.667
125.667 667.333
129 667
126 668.333
123 669.667
120 671
117 669.667
114 668.333
111 667
113.333 667
115.667 667
118 667
121.667 666.667
125.333 666.333
129 666
127 661
125 656
123 651
124.333 655.333
125.667 659.667
127 664
123.333 664.667
119.667 665.333
116 666
116.333 666.667
116.667 667.333
117 668
120.667 668.667
124.333 669.333
128 670
128 669.333
128 668.667
128 668
122.667 665.667
117.333 663.333
112 661
115.667 660.667
119.333 660.333
123 660
124.333 661.333
125.667 662.667
127 664
125 662.333
123 660.667
121 659
121.333 658.667
121.667 658.333
122 658
123.667 658.333
125.333 658.667
127 659
123.333 659.333
119.667 659.667
116 660
118 661
120 662
122 663
122.667 662.667
123.333 662.333
124 662
122.333 662
120.667 662
119 662
118.667 661.667
118.333 661.333
118 661
121 660
124 659
127 658
124 659.333
121 660.667
118 662
117.667 662
117.333 662
117 662
120.333 662.333
123.667 662.667
127 663
123 661.667
119 660.333
115 659
118.667 661
122.333 663
126 665
131.667 663.667
137.333 662.333
143 661
146.667 660.333
150.333 659.667
154 659
159.667 664.667
165.333 670.333
171 676
165 670.333
159 664.667
153 659
147 664.667
141 670.333
135 676
130.333 671.333
125.667 666.667
121 662
125 665
129 668
133 671
133.667 670
134.333 669
135 668
133.333 670.667
131.667 673.333
130 676
126.667 673.667
123.333 671.333
120 669
119.667 669
119.333 669
119 669
120 663.333
121 657.667
122 652
124 655.333
126 658.667
128 662
124 661
120 660
116 659
119.333 660.333
122.667 661.667
126 663
126 657.333
126 651.667
126 646
122.333 643.667
118.667 641.333
115 639
117.333 645.667
119.667 652.333
122 659
124 658
126 657
128 656
130.333 662
132.667 668
135 674
132.333 672.333
129.667 670.667
127 669
127 669.333
127 669.667
127 670
130 670.333
133 670.667
136 671
130.333 665.667
124.667 660.333
119 655
119.667 653.333
120.333 651.667
121 650
119 653
117 656
115 659
120.667 653.667
126.333 648.333
132 643
126.667 645.667
121.333 648.333
116 651
120.667 656.333
125.333 661.667
130 667
126.333 666.667
122.667 666.333
119 666
117.333 664
115.667 662
114 660
108 653.333
102 646.667
96 640
90 641
84 642
78 643
77.6667 639.333
77.3333 635.667
77 632
79.3333 630.667
81.6667 629.333
84 628
82.3333 634.667
80.6667 641.333
79 648
79 647.667
79 647.333
79 647
80.6667 650
82.3333 653
84 656
84 655.333
84 654.667
84 654
80 655.333
76 656.667
72 658
76.6667 659.333
81.3333 660.667
86 662
88 659.333
90 656.667
92 654
91 653.333
90 652.667
89 652
89 657
89 662
89 667
91 673
93 679
95 685
92 689.667
89 694.333
86 699
88.6667 700
91.3333 701
94 702
94.3333 701.667
94.6667 701.333
95 701
93.3333 701.667
91.6667 702.333
90 703
90.6667 699
91.3333 695
92 691
94.3333 688.667
96.6667 686.333
99 684
95.3333 686.667
91.6667 689.333
88 692
88 692
88 692
88 692
92.6667 698
97.3333 704
102 710
98 708.333
94 706.667
90 705
90 705
90 705
90 705
93.3333 704.333
96.6667 703.667
100 703
95 702
90 701
85 700
87.3333 703.333
89.6667 706.667
92 710
96.6667 713
101.333 716
106 719
103.333 719
100.667 719
98 719
98.6667 723
99.3333 727
100 731
105 732
110 733
115 734
109.667 730.333
104.333 726.667
99 723
94.3333 716.333
89.6667 709.667
85 703
90.6667 705.333
96.3333 707.667
102 710
102 712
102 714
102 716
96.3333 714.333
90.6667 712.667
85 711
90 704.333
95 697.667
100 691
102 691.667
104 692.333
106 693
100 692.333
94 691.667
88 691
93 692.667
98 694.333
103 696
103.667 696.333
104.333 696.667
105 697
103 698.667
101 700.333
99 702
101.667 708.667
104.333 715.333
107 722
109.667 722
112.333 722
115 722
109.333 718
103.667 714
98 710
99.3333 715.333
100.667 720.667
102 726
103.667 722.667
105.333 719.333
107 716
103.333 714.333
99.6667 712.667
96 711
96 710.667
96 710.333
96 710
99.6667 713.333
103.333 716.667
107 720
103 716
99 712
95 708
95 701.333
95 694.667
95 688
99.6667 694.667
104.333 701.333
109 708
106.333 710.333
103.667 712.667
101 715
100.667 715
100.333 715
100 715
102.667 710
105.333 705
108 700
105.333 702.667
102.667 705.333
100 708
100 705.667
100 703.333
100 701
103 699.667
106 698.333
109 697
105.667 698.333
102.333 699.667
99 701
99.3333 706
99.6667 711
100 716
102.667 713
105.333 710
108 707
108.333 712.333
108.667 717.667
109 723
107.667 722.333
106.333 721.667
105 721
106.667 721.333
108.333 721.667
110 722
111.667 722.333
113.333 722.667
115 723
112.333 725.667
109.667 728.333
107 731
110.333 729.333
113.667 727.667
117 726
117.667 726
118.333 726
119 726
115.333 725.667
111.667 725.333
108 725
110.667 729.333
113.333 733.667
116 738
116 732.667
116 727.333
116 722
112 722
108 722
104 722
105.333 721.333
106.667 720.667
108 720
108 720.667
108 721.333
108 722
104.333 718
100.667 714
97 710
99.3333 711.333
101.667 712.667
104 714
107.667 717
111.333 720
115 723
111.667 716.333
108.333 709.667
105 703
104.667 703
104.333 703
104 703
108.333 709.667
112.667 716.333
117 723
116 729.667
115 736.333
114 743
113.333 740.333
112.667 737.667
112 735
114 737.333
116 739.667
118 742
114.667 735.333
111.333 728.667
108 722
108.333 719.333
108.667 716.667
