858 915
860.667 916
863.333 917
866 918
868.667 919.333
871.333 920.667
874 922
876 922.333
878 922.667
880 923
880.667 922.667
881.333 922.333
882 922
883.333 921.667
884.667 921.333
886 921
887.333 920.333
888.667 919.667
890 919
890.667 918
891.333 917
892 916
892 916
892 916
892 916
892 916
892 916
892 916
892 915.667
892 915.333
892 915
892 914.667
892 914.333
892 914
892 914.333
892 914.667
892 915
892 914.667
892 914.333
892 914
891.667 914
891.333 914
891 914
891 913.667
891 913.333
891 913
890 912.667
889 912.333
888 912
887.667 912.333
887.333 912.667
887 913
887.333 913
887.667 913
888 913
888.333 913.333
888.667 913.667
889 914
889.333 914.333
889.667 914.667
890 915
890.333 915
890.667 915
891 915
891 915
891 915
891 915
891 915
891 915
891 915
891 915
891 915
891 915
891 915
891 915
891 915
891.333 915
891.667 915
892 915
891.667 915
891.333 915
891 915
891 915
891 915
891 915
891 914.667
891 914.333
891 914
890.667 914
890.333 914
890 914
890 914
890 914
890 914
889.667 913.667
889.333 913.333
889 913
888.667 913
888.333 913
888 913
887.333 913
886.667 913
886 913
885.667 912.667
885.333 912.333
885 912
884.667 912
884.333 912
884 912
883.667 912
883.333 912
883 912
883 912
883 912
883 912
882.333 911.667
881.667 911.333
881 911
881.333 911
881.667 911
882 911
882 910.667
882 910.333
882 910
881.667 909.667
881.333 909.333
881 909
881 909
881 909
881 909
880.667 909
880.333 909
880 909
880 909
880 909
880 909
880.333 909
880.667 909
881 909
881 909
881 909
881 909
881 909.333
881 909.667
881 910
881.333 910.667
881.667 911.333
882 912
882.333 912.667
882.667 913.333
883 914
883.333 914.333
883.667 914.667
884 915
884 915.667
884 916.333
884 917
884 917.333
884 917.667
884 918
884.333 918.333
884.667 918.667
885 919
884.667 918.667
884.333 918.333
884 918
883.667 918
883.333 918
883 918
882.667 917.667
882.333 917.333
882 917
881.667 917
881.333 917
881 917
881 916.333
881 915.667
881 915
880.667 914.667
880.333 914.333
880 914
880 914
880 914
880 914
880 913.667
880 913.333
880 913
879.667 912.667
879.333 912.333
879 912
879 911.333
879 910.667
879 910
878.667 909.333
878.333 908.667
878 908
877.333 907.667
876.667 907.333
876 907
875.333 906
874.667 905
874 904
873 903.333
872 902.667
871 902
870.333 901.333
869.667 900.667
869 900
868 899.333
867 898.667
866 898
865 897.667
864 897.333
863 897
861.667 896.333
860.333 895.667
859 895
858 894.667
857 894.333
856 894
855 893.667
854 893.333
853 893
851.333 893
849.667 893
848 893
846.667 892.667
845.333 892.333
844 892
843 892
842 892
841 892
839.667 892
838.333 892
837 892
835.667 892.333
834.333 892.667
833 893
832.333 893
831.667 893
831 893
829.667 893.333
828.333 893.667
827 894
826.333 894.333
825.667 894.667
825 895
824.667 895.333
824.333 895.667
824 896
823.667 896.333
823.333 896.667
823 897
822.667 897.667
822.333 898.333
822 899
822 899.667
822 900.333
822 901
822 901
822 901
822 901
823 901.333
824 901.667
825 902
825.667 902.333
826.333 902.667
827 903
828.667 903.333
830.333 903.667
832 904
833.333 904
834.667 904
836 904
837.667 904
839.333 904
841 904
843 904
845 904
847 904
848.667 904
850.333 904
852 904
854 904
856 904
858 904
860 904
862 904
864 904
865.333 904
866.667 904
868 904
870 904
872 904
874 904
875.333 904.333
876.667 904.667
878 905
878.667 905.667
879.333 906.333
880 907
879.667 907
879.333 907
879 907
879 907
879 907
879 907
879 907
879 907
879 907
879 907
879 907
879 907
879 907
879 907
879 907
879 907
879 907
879 907
879 907
879 907
879 907
879 907
879 907
879 907
879 907
879 907
879 907
879 907
879 907
879 907
879 907
879 907
879 907
879 907
879 907
879 907
879 907
879 907
879 907
879 907
879 907
879 907
879 907
879 907
879 907
879 907
879 907
879 907
879 907
879 907
879 907
879 907
879 907
879 907
879 907
879 907
879 907
879 907
879 907
879 907
879 907
879 907
879 907
879 907
879 907
879 907
879 907
879 907
879 907
879 907
879 907
879 907
879 907
879 907
879 907
879 907
879 907
879 907
879 907
879 907
879 907
879 907
879 907
879 907
879 907
879 907
879 907
879 907
879 907
879 907
879 907
879 907
879 907
879 907
879 907
879 907
879 907
879 907
879 907
879 907
879 907
879 907
879 907
879 907
879 907
879 907
879 907
879 907
879 907
879 907
879 907
879 907
879 907
879 907
879 907
879 907
879 907
879 907
879 907
879 907
879 907
879 907
879 907
879 907
879 907
879 907
879 907
879 907
879 907
879 907
879 907
879 907
879 907
879 907
879 907
879 907
879 907
879 907
879 907
879 907
879 907
879 907
879 907
879 907
879 907
879 907
879 907
879 907
879 907
879 907
879 907
879 907
879 907
879 907
879 907
879 907
879 907
879 907
879 907
879 907
879 907
879 907
879 907
879 907
879 907
879 907
879 907
879 907
879 907
879 907
879 907
879 907
879 907
879 907
879 907
879 907
879 907
879 907
879 907
879 907
879 907
879 907
879 907
879 907
879 907
879 907
879 907
879 907
879 907
879 907
879 907
879 907
879 907
879 907
879 907
879 907
879 907
879 907
879 907
879 907
879 907
879 907
879 907
879 907
879 907
879 907
879 907
879 907
879 907
879 907
879 907
879 907
879 907
879 907
879 907
879 907
879 907
879 907
879 907
879 907
879 907
879 907
879 907
879 907
879 907
879 907
879 907
879 907
879 907
879 907
879 907
879 907
879 907
879 907
879 907
879 907
879 907
879 907
879 907
879 907
879 907
879 907
879 907
879 907
879 907
879 907
879 907
879 907
879 907
879 907
879 907
879 907
879 907
879 907
879 907
879 907
879 907
879 907
879 907
879 907
879 907
879 907
879 907
879 907
879 907
879 907
879 907
879 907
879 907
879 907
879 907
879 907
879 907
879 907
879 907
879 907
879 907
879 907
879 907
879 907
879 907
879 907
879 907
879 907
879 907
879 907
879 907
879 907
879 907
879 907
879 907
879 907
879 907
879 907
879 907
879 907
879 907
879 907
879 907
879 907
879 907
879 907
879 907
879 907
879 907
879 907
879 907
879 907
879 907
879 907
879 907
879 907
879 907
879 907
879 907
879 907
879 907
879 907
879 907
879 907
879 907
879 907
879 907
879 907
879 907
879 907
879 907
879 907
879 907
879 907
879 907
879 907
879 907
879 907
879 907
879 907
879 907
879 907
879 907
879 907
879 907
879 907
879 907
879 907
879 907
879 907
879 907
879 907
879 907
879 907
879 907
879 907
879 907
879 907
879 907
879 907
879 907
879 907
879 907
879 907
879 907
879 907
879 907
879 907
879 907
879 907
879 907
879 907
879 907
879 907
879 907
879 907
879 907
879 907
879 907
879 907
879 907
879 907
879 907
879 907
879 907
879 907
879 907
879 907
879 907
879 907
879 907
879 907
879 907
879 907
879 907
879 907
879 907
879 907
879 907
879 907
879 907
879 907
879 907
879 907
879 907
879 907
879 907
879 907
879 907
879 907
879 907
879 907
879 907
879 907
879 907
879 907
879 907
879 907
879 907
879 907
879 907
879 907
879 907
879 907
879 907
879 907
879 907
879 907
879 907
879 907
879 907
879 907
879 907
879 907
879 907
879 907
879 907
879 907
879 907
879 907
879 907
879 907
879 907
879 907
879 907
879 907
879 907
879 907
879 907
879 907
879 907
879 907
879 907
879 907
879 907
879 907
879 907
879 907
879 907
879 907
879 907
879 907
879 907
879 907
879 907
879 907
879 907
879 907
879 907
879 907
879 907
879 907
879 907
879 907
879 907
879 907
879 907
879 907
879 907
879 907
879 907
879 907
879 907
879 907
879 907
879 907
879 907
879 907
879 907
879 907
879 907
879 907
879 907
879 907
879 907
879 907
879 907
879 907
879 907
879 907
879 907
879 907
879 907
879 907
879 907
879 907
879 907
879 907
879 907
879 907
879 907
879 907
879 907
879 907
879 907
879 907
879 907
879 907
879 907
879 907
879 907
879 907
879 907
879 907
879 907
879 907
879 907
879 907
879 907
879 907
879 907
879 907
879 907
879 907
879 907
879 907
879 907
879 907
879 907
879 907
879 907
879 907
879 907
879 907
879 907
879 907
879 907
879 907
879 907
879 907
879 907
879 907
879 907
879 907
879 907
879 907
879 907
879 907
879 907
879 907
879 907
879 907
879 907
879 907
879 907
879 907
879 907
879 907
879 907
879 907
879 907
879 907
879 907
879 907
879 907
879 907
879 907
879 907
879 907
879 907
879 907
879 907
879 907
879 907
879 907
879 907
879 907
879 907
879 907
879 907
879 907
879 907
879 907
879 907
879 907
879 907
879 907
879 907
879 907
879 907
879 907
879 907
879 907
879 907
879 907
879 907
879 907
879 907
879 907
879 907
879 907
879 907
879 907
879 907
879 907
879 907
879 907
879 907
879 907
879 907
879 907
879 907
879 907
879 907
879 907
879 907
879 907
879 907
879 907
879 907
879 907
879 907
879 907
879 907
879 907
879 907
879 907
879 907
879 907
879 907
879 907
879 907
879 907
879 907
879 907
879 907
879 907
879 907
879 907
879 907
879 907
879 907
879 907
879 907
879 907
879 907
879 907
879 907
879 907
879 907
879 907
879 907
879 907
879 907
879 907
879 907
879 907
879 907
879 907
879 907
879 907
879 907
879 907
879 907
879 907
879 907
879 907
879 907
879 907
879 907
879 907
879 907
879 907
879 907
879 907
879 907
879 907
879 907
879 907
879 907
879 907
879 907
879 907
879 907
879 907
879 907
879 907
879 907
879 907
879 907
879 907
879 907
879 907
879 907
879 907
879 907
879 907
879 907
879 907
879 907
879 907
879 907
879 907
879 907
879 907
879 907
879 907
879 907
879 907
879 907
879 907
879 907
879 907
879 907
879 907
879 907
879 907
879 907
879 907
879 907
879 907
879 907
879 907
879 907
879 907
879 907
879 907
879 907
879 907
879 907
879 907
879 907
879 907
879 907
879 907
879 907
879 907
879 907
879 907
879 907
879 907
879 907
879 907
879 907
879 907
879 907
879 907
879 907
879 907
879 907
879 907
879 907
879 907
879 907
879 907
879 907
879 907
879 907
879 907
879 907
879 907
879 907
879 907
879 907
879 907
879 907
879 907
879 907
879 907
879 907
879 907
879 907
879 907
879 907
879 907
879 907
879 907
879 907
879 907
879 907
879 907
879 907
879 907
879 907
879 907
879 907
879 907
879 907
879 907
879 907
879 907
879 907
879 907
879 907
879 907
879 907
879 907
879 907
879 907
879 907
879 907
879 907
879 907
879 907
879 907
879 907
879 907
879 907
879 907
879 907
879 907
879 907
879 907
879 907
879 907
879 907
879 907
879 907
879 907
879 907
879 907
879 907
879 907
879 907
879 907
879 907
879 907
879 907
879 907
879 907
879 907
879 907
879 907
879 907
879 907
879 907
879 907
879 907
879 907
879 907
879 907
879 907
879 907
879 907
879 907
879 907
879 907
879 907
879 907
879 907
879 907
879 907
879 907
879 907
879 907
879 907
879 907
879 907
879 907
879 907
879 907
879 907
879 907
879 907
879 907
879 907
879 907
879 907
879 907
879 907
879 907
879 907
879 907
879 907
879 907
879 907
879 907
879 907
879 907
879 907
879 907
879 907
879 907
879 907
879 907
879 907
879 907
879 907
879 907
879 907
879 907
879 907
879 907
879 907
879 907
879 907
879 907
879 907
879 907
879 907
879 907
879 907
879 907
879 907
879 907
879 907
879 907
879 907
879 907
879 907
879 907
879 907
879 907
879 907
879 907
879 907
879 907
879 907
879 907
879 907
879 907
879 907
879 907
879 907
879 907
879 907
879 907
879 907
879 907
879 907
879 907
879 907
879 907
879 907
879 907
879 907
879 907
879 907
879 907
879 907
879 907
879 907
879 907
879 907
879 907
879 907
879 907
879 907
879 907
879 907
879 907
879 907
879 907
879 907
879 907
879 907
879 907
879 907
879 907
879 907
879 907
879 907
879 907
879 907.333
879 907.667
879 908
879 908.333
879 908.667
879 909
879 909
879 909
879 909
879 909.333
879 909.667
879 910
879 910
879 910
879 910
879 910
879 910
879 910
879 910
879 910
879 910
879 910
879 910
879 910
879 910
879 910
879 910
879 910
879 910
879 910
879 910
879 910
879 910
879 910
879 910
879 910
879 910
879 910
879 910
879 910
879 910
879 910
879 910
879 910
879 910
879 910
879 910
879 910
879 910
879 910
879 910
879 910
879 910
879 910
879 910
879 910
879 910
879 910
879 910
879 910
879 910
879 910
879 910
879 910
879 910
879 910
879 910
879 910
879 910
879 910
879 910
879 910
879 910
879 910
879 910
879 910
879 910
879 910
879 910
879 910
879 910
879 910
879 910
879 910
879 910
879 910
879 910
879 910
879 910
879 910
879 910
879 910
879 910
879 910
879 910
879 910
879 910
879 910
879 910
879 910
879 910
879 910
879 910
879 910
879 910
879 910
879 910
879 910
879 910
879 910
879 910
879 910
879 910
879 910
879 910
879 910
879 910
879 910
879 910
879 910
879 910
879 910
879 910
879 910
879 910
879 910
879 910
879 910
879 910
879 910
879 910
879 910
879 910
879 910
879 910
879 910
879 910
879 910
879 910
879 910
879 910
879 910
879 910
879 910
879 910
879 910
879 910
879 910
879 910
879 910
879 910
879 910
879 910
879 910
879 910
879 910
879 910
879 910
879 910
879 910
879 910
879 910
879 910
879 910
879 910
879 910
879 910
879 910
879 910
879 910
879 910
879 910
879 910
879 910
879 910
879 910
879 910
879 910
879 910
879 910
879 910
879 910
879 910
879 910
879 910
879 910
879 910
879 910
879 910
879 910
879 910
879 910
879 910
879 910
879 910
879 910
879 910
879 910
879 910
879 910
879 910
879 910
879 910
879 910
879 910
879 910
879 910
879 910
879 910
879 910
879 910
879 910
879 910
879 910
879 910
879 910
879 910
879 910
879 910
879 910
879 910
879 910
879 910
879 910
879 910
879 910
879 910
879 910
879 910
879 910
879 910
879 910
879 910
879 910
879 910
879 910
879 910
879 910
879 910
879 910
879 910
879 910
879 910
879 910
879 910
879 910
879 910
879 910
879 910
879 910
879 910
879 910
879 910
879 910
879 910
879 910
879 910
879 910
879 910
879 910
879 910
879 910
879 910
879 910
879 910
879 910
879 910
879 910
879 910
879 910
879 910
879 910
879 910
879 910
879 910
879 910
879 910
879 910
879 910
879 910
879 910
879 910
879 910
879 910
879 910
879 910
879 910
879 910
879 910
879 910
879 910
879 910
879 910
879 910
879 910
879 910
879 910
879 910
879 910
879 910
879 910
879 910
879 910
879 910
879 910
879 910
879 910
879 910
879 910
879 910
879 910
879 910
879 910
879 910
879 910
879 910
879 910
879 910
879 910
879 910
879 910
879 910
879 910
879 910
879 910
879 910
879 910
879 910
879 910
879 910
879 910
879 910
879 910
879 910
879 910
879 910
879 910
879 910
879 910
879 910
879 910
879 910
879 910
879 910
879 910
879 910
879 910
879 910
879 910
879 910
879 910
879 910
879 910
879 910
879 910
879 910
879 910
879 910
879 910
879 910
879 910
879 910
879 910
879 910
879 910
879 910
879 910
879 910
879 910
879 910
879 910
879 910
879 910
879 910
879 910
879 910
879 910
879 910
879 910
879 910
879 910
879 910
879 910
879 910
879 910
879 910
879 910
879 910
879 910
879 910
879 910
879 910
879 910
879 910
879 910
879 910
879 910
879 910
879 910
879 910
879 910
879 910
879 910
879 910
879 910
879 910
879 910
879 910
879 910
879 910
879 910
879 910
879 910
879 910
879 910
879 910
879 910
879 910
879 910
879 910
879 910
879 910
879 910
879 910
879 910
879 910
879 910
879 910
879 910
879 910
879 910
879 910
879 910
879 910
879 910
879 910
879 910
879 910
879 910
879 910
879 910
879 910
879 910
879 910
879 910
879 910
879 910
879 910
879 910
879 910
879 910
879 910
879 910
879 910
879 910
879 910
879 910
879 910
879 910
879 910
879 910
879 910
879 910
879 910
879 910
879 910
879 910
879 910
879 910
879 910
879 910
879 910
879 910
879 910
879 910
879 910
879 910
879 910
879 910
879 910
879 910
879 910
879 910
879 910
879 910
879 910
879 910
879 910
879 910
879 910
879 910
879 910
879 910
879 910
879 910
879 910
879 910
879 910
879 910
879 910
879 910
879 910
879 910
879 910
879 910
879 910
879 910
879 910
879 910
879 910
879 910
879 910
879 910
879 910
879 910
879 910
879 910
879 910
879 910
879 910
879 910
879 910
879 910
879 910
879 910
879 910
879 910
879 910
879 910
879 910
879 910
879 910
879 910
879 910
879 910
879 910
879 910
879 910
879 910
879 910
879 910
879 910
879 910
879 910
879 910
879 910
879 910
879 910
879 910
879 910
879 910
879 910
879 910
879 910
879 910
879 910
879 910
879 910
879 910
879 910
879 910
879 910
879 910
879 910
879 910
879 910
879 910
879 910
879 910
879 910
879 910
879 910
879 910
879 910
879 910
879 910
879 910
879 910
879 910
879 910
879 910
879 910
879 910
879 910
879 910
879 910
879 910
879 910
879 910
879 910
879 910
879 910
879 910
879 910
879 910
879 910
879 910
879 910
879 910
879 910
879 910
879 910
879 910
879 910
879 910
879 910
879 910
879 910
879 910
879 910
879 910
879 910
879 910
879 910
879 910
879 910
879 910
879 910
879 910
879 910
879 910
879 910
879 910
879 910
879 910
879 910
879 910
879 910
879 910
879 910
879 910
879 910
879 910
879 910
879 910
879 910
879 910
879 910
879 910
879 910
879 910
879 910
879 910
879 910
879 910
879 910
879 910
879 910
879 910
879 910
879 910
879 910
879 910
879 910
879 910
879 910
879 910
879 910
879 910
879 910
879 910
879 910
879 910
879 910
879 910
879 910
879 910
879 910
879 910
879 910
879 910
879 910
879 910
879 910
879 910
879 910
879 910
879 910
879 910
879 910
879 910
879 910
879 910
879 910
879 910
879 910
879 910
879 910
879 910
879 910
879 910
879 910
879 910
879 910
879 910
879 910
879 910
879 910
879 910
879 910
879 910
879 910
879 910
879 910
879 910
879 910
879 910
879 910
879 910
879 910
879 910
879 910
879 910
879 910
879 910
879 910
879 910
879 910
879 910
879 910
879 910
879 910
879 910
879 910
879 910
879 910
879 910
879 910
879 910
879 910
879 910
879 910
879 910
879 910
879 910
879 910
879 910
879 910
879 910
879 910
879 910
879 910
879 910
879 910
879 910
879 910
879 910
879 910
879 910
879 910
879 910
879 910
879 910
879 910
879 910
879 910
879 910
879 910
879 910
879 910
879 910
879 910
879 910
879 910
879 910
879 910
879 910
879 910
879 910
879 910
879 910
879 910
879 910
879 910
879 910
879 910
879 910
879 910
879 910
879 910
879 910
879 910
879 910
879 910
879 910
879 910
879 910
879 910
879 910
879 910
879 910
879 910
879 910
879 910
879 910
879 910
879 910
879 910
879 910
879 910
879 910
879 910
879 910
879 910
879 910
879 910
879 910
879 910
879 910
879 910
879 910
879 910
879 910
879 910
879 910
879 910
879 910
879 910
879 910
879 910
879 910
879 910
879 910
879 910
879 910
879 910
879 910
879 910
879 910
879 910
879 910
879 910
879 910
879 910
879 910
879 910
879 910
879 910
879 910
879 910
879 910
879 910
879 910
879 910
879 910
879 910
879 910
879 910
879 910
879 910
879 910
879 910
879 910
879 910
879 910
879 910
879 910
879 910
879 910
879 910
879 910
879 910
879 910
879 910
879 910
879 910
879 910
879 910
879 910
879 910
879 910
879 910
879 910
879 910
879 910
879 910
879 910
879 910
879 910
879 910
879 910
879 910
879 910
879 910
879 910
879 910
879 910
879 910
879 910
879 910
879 910
879 910
879 910
879 910
879 910
879 910
879 910
879 910
879 910
879 910
879 910
879 910
879 910
879 910
879 910
879 910
879 910
879 910
879 910
879 910
879 910
879 910
879 910
879 910
879 910
879 910
879 910
879 910
879 910
879 910
879 910
879 910
879 910
879 910
879 910
879 910
879 910
879 910
879 910
879 910
879 910
879 910
879 910
879 910
879 910
879 910
879 910
879 910
879 910
879 910
879 910
