858 915
866 918
874 922
880 923
882 922
886 921
890 919
892 916
892 916
892 916
892 915
892 914
892 915
892 914
891 914
891 913
888 912
887 913
888 913
889 914
890 915
891 915
891 915
891 915
891 915
891 915
892 915
891 915
891 915
891 914
890 914
890 914
889 913
888 913
886 913
885 912
884 912
883 912
883 912
881 911
882 911
882 910
881 909
881 909
880 909
880 909
881 909
881 909
881 910
882 912
883 914
884 915
884 917
884 918
885 919
884 918
883 918
882 917
881 917
881 915
880 914
880 914
880 913
879 912
879 910
878 908
876 907
874 904
871 902
869 900
866 898
863 897
859 895
856 894
853 893
848 893
844 892
841 892
837 892
833 893
831 893
827 894
825 895
824 896
823 897
822 899
822 901
822 901
825 902
827 903
832 904
836 904
841 904
847 904
852 904
858 904
864 904
868 904
874 904
878 905
880 907
879 907
879 907
879 907
879 907
879 907
879 907
879 907
879 907
879 907
879 907
879 907
879 907
879 907
879 907
879 907
879 907
879 907
879 907
879 907
879 907
879 907
879 907
879 907
879 907
879 907
879 907
879 907
879 907
879 907
879 907
879 907
879 907
879 907
879 907
879 907
879 907
879 907
879 907
879 907
879 907
879 907
879 907
879 907
879 907
879 907
879 907
879 907
879 907
879 907
879 907
879 907
879 907
879 907
879 907
879 907
879 907
879 907
879 907
879 907
879 907
879 907
879 907
879 907
879 907
879 907
879 907
879 907
879 907
879 907
879 907
879 907
879 907
879 907
879 907
879 907
879 907
879 907
879 907
879 907
879 907
879 907
879 907
879 907
879 907
879 907
879 907
879 907
879 907
879 907
879 907
879 907
879 907
879 907
879 907
879 907
879 907
879 907
879 907
879 907
879 907
879 907
879 907
879 907
879 907
879 907
879 907
879 907
879 907
879 907
879 907
879 907
879 907
879 907
879 907
879 907
879 907
879 907
879 907
879 907
879 907
879 907
879 907
879 907
879 907
879 907
879 907
879 907
879 907
879 907
879 907
879 907
879 907
879 907
879 907
879 907
879 907
879 907
879 907
879 907
879 907
879 907
879 907
879 907
879 907
879 907
879 907
879 907
879 907
879 907
879 907
879 907
879 907
879 907
879 907
879 907
879 907
879 907
879 907
879 907
879 907
879 907
879 907
879 907
879 907
879 907
879 907
879 907
879 907
879 907
879 907
879 907
879 907
879 907
879 907
879 907
879 907
879 907
879 907
879 907
879 907
879 907
879 907
879 907
879 907
879 907
879 907
879 907
879 907
879 907
879 907
879 907
879 907
879 907
879 907
879 907
879 907
879 907
879 907
879 907
879 907
879 907
879 907
879 907
879 907
879 907
879 907
879 907
879 907
879 907
879 907
879 907
879 907
879 907
879 907
879 907
879 907
879 907
879 907
879 907
879 907
879 907
879 907
879 907
879 907
879 907
879 907
879 907
879 907
879 907
879 907
879 907
879 907
879 907
879 907
879 907
879 907
879 907
879 907
879 907
879 907
879 907
879 907
879 907
879 907
879 907
879 907
879 907
879 907
879 907
879 907
879 907
879 907
879 907
879 907
879 907
879 907
879 907
879 907
879 907
879 907
879 907
879 907
879 907
879 907
879 907
879 907
879 907
879 907
879 907
879 907
879 907
879 907
879 907
879 907
879 907
879 907
879 907
879 907
879 907
879 907
879 907
879 907
879 907
879 907
879 907
879 907
879 907
879 907
879 907
879 907
879 907
879 907
879 907
879 907
879 907
879 907
879 907
879 907
879 907
879 907
879 907
879 907
879 907
879 907
879 907
879 907
879 907
879 907
879 907
879 907
879 907
879 907
879 907
879 907
879 907
879 907
879 907
879 907
879 907
879 907
879 907
879 907
879 907
879 908
879 909
879 909
879 910
879 910
879 910
879 910
879 910
879 910
879 910
879 910
879 910
879 910
879 910
879 910
879 910
879 910
879 910
879 910
879 910
879 910
879 910
879 910
879 910
879 910
879 910
879 910
879 910
879 910
879 910
879 910
879 910
879 910
879 910
879 910
879 910
879 910
879 910
879 910
879 910
879 910
879 910
879 910
879 910
879 910
879 910
879 910
879 910
879 910
879 910
879 910
879 910
879 910
879 910
879 910
879 910
879 910
879 910
879 910
879 910
879 910
879 910
879 910
879 910
879 910
879 910
879 910
879 910
879 910
879 910
879 910
879 910
879 910
879 910
879 910
879 910
879 910
879 910
879 910
879 910
879 910
879 910
879 910
879 910
879 910
879 910
879 910
879 910
879 910
879 910
879 910
879 910
879 910
879 910
879 910
879 910
879 910
879 910
879 910
879 910
879 910
879 910
879 910
879 910
879 910
879 910
879 910
879 910
879 910
879 910
879 910
879 910
879 910
879 910
879 910
879 910
879 910
879 910
879 910
879 910
879 910
879 910
879 910
879 910
879 910
879 910
879 910
879 910
879 910
879 910
879 910
879 910
879 910
879 910
879 910
879 910
879 910
879 910
879 910
879 910
879 910
879 910
879 910
879 910
879 910
879 910
879 910
879 910
879 910
879 910
879 910
879 910
879 910
879 910
879 910
879 910
879 910
879 910
879 910
879 910
879 910
879 910
879 910
879 910
879 910
879 910
879 910
879 910
879 910
879 910
879 910
879 910
879 910
879 910
879 910
879 910
879 910
879 910
879 910
879 910
879 910
879 910
879 910
879 910
879 910
879 910
879 910
879 910
879 910
879 910
879 910
879 910
879 910
879 910
879 910
879 910
879 910
879 910
879 910
879 910
879 910
879 910
879 910
879 910
879 910
879 910
879 910
879 910
879 910
879 910
879 910
879 910
879 910
879 910
879 910
879 910
879 910
879 910
879 910
879 910
879 910
879 910
879 910
879 910
879 910
879 910
879 910
879 910
879 910
879 910
879 910
879 910
879 910
879 910
879 910
879 910
879 910
879 910
879 910
879 910
879 910
879 910
879 910
879 910
879 910
879 910
879 910
879 910
879 910
879 910
879 910
879 910
879 910
879 910
879 910
879 910
879 910
879 910
879 910
879 910
879 910
879 910
879 910
879 910
879 910
879 910
879 910
879 910
879 910
879 910
879 910
879 910
879 910
879 910
879 910
879 910
879 910
879 910
879 910
879 910
879 910
879 910
879 910
879 910
879 910
879 910
879 910
879 910
879 910
879 910
879 910
879 910
879 910
879 910
879 910
879 910
879 910
879 910
879 910
879 910
879 910
879 910
879 910
879 910
879 910
879 910
879 910
879 910
879 910
879 910
879 910
879 910
879 910
879 910
