955 626
955 632
955 632
953 632
951 632
953 634
953 634
953 636
951 638
953 640
953 644
953 646
951 646
953 644
951 642
949 638
947 634
947 632
947 634
947 636
947 636
947 636
945 636
943 636
945 640
943 642
945 644
941 642
941 642
941 644
939 646
941 650
939 652
941 652
939 654
941 654
939 654
941 654
939 654
941 654
939 654
939 652
939 652
939 650
939 648
939 646
941 646
941 646
943 648
947 652
951 656
951 658
951 658
949 660
943 660
939 662
935 662
933 662
929 658
927 654
931 650
935 648
939 650
941 654
941 656
941 654
939 652
941 650
939 642
937 624
931 612
933 614
935 626
937 634
935 636
935 638
933 638
931 636
933 636
935 636
937 640
935 644
933 646
925 644
923 642
923 638
925 634
927 630
931 630
933 630
933 630
933 630
933 630
931 628
931 628
929 630
925 630
923 628
925 630
925 630
925 628
927 628
929 626
931 626
933 624
931 624
931 624
927 622
923 622
921 622
917 620
917 620
919 618
919 616
919 614
921 606
921 590
921 572
921 556
921 544
919 536
921 534
921 544
921 562
919 564
919 562
917 562
915 564
915 566
915 566
915 568
917 572
913 578
909 580
905 576
901 566
901 558
907 558
917 564
919 570
919 572
917 570
911 564
911 558
911 554
911 556
909 558
905 560
899 558
899 554
901 548
899 540
903 530
907 520
911 514
915 516
917 522
915 526
917 528
915 530
915 534
915 538
915 544
915 548
913 548
911 546
913 542
911 542
913 542
909 542
905 538
903 534
905 526
903 510
905 496
901 486
899 484
903 490
905 498
903 502
905 500
903 500
905 502
905 506
899 508
881 514
869 512
867 506
871 496
869 480
865 466
867 456
875 456
883 464
889 478
893 490
895 500
897 510
897 522
895 530
895 528
891 520
883 508
879 494
881 492
883 498
883 494
877 484
871 470
871 458
869 448
863 440
861 432
855 424
851 416
847 410
845 406
843 404
843 402
843 402
843 400
843 398
841 396
841 396
841 396
841 396
839 396
839 394
839 394
837 392
835 392
835 392
835 392
835 392
835 392
835 392
835 392
833 392
831 392
833 392
831 392
833 392
831 392
831 392
831 392
831 392
831 392
831 392
831 392
831 392
831 392
831 392
831 392
831 392
831 392
831 392
831 392
831 392
831 392
831 392
831 392
831 392
831 392
831 392
831 392
831 392
831 392
831 392
829 392
827 392
829 392
