324 479
324 479
324 479
324 479
324 479
324 479
324 479
324 479
324 479
324 479
324 479
324 479
324 479
324 479.667
324 480.333
324 481
324 482.333
324 483.667
324 485
324 485
324 485
324 485
324 485.667
324 486.333
324 487
324 487.667
324 488.333
324 489
324.667 490.333
325.333 491.667
326 493
326.667 493.667
327.333 494.333
328 495
328.667 495
329.333 495
330 495
331.333 495
332.667 495
334 495
335.333 495
336.667 495
338 495
338.667 494.333
339.333 493.667
340 493
341.333 493
342.667 493
344 493
344.667 492.333
345.333 491.667
346 491
346.667 489
347.333 487
348 485
348 484.333
348 483.667
348 483
348 481.667
348 480.333
348 479
347.333 477.667
346.667 476.333
346 475
345.333 474.333
344.667 473.667
344 473
342.667 473
341.333 473
340 473
339.333 473
338.667 473
338 473
337.333 473
336.667 473
336 473
335.333 473.667
334.667 474.333
334 475
334 474.333
334 473.667
334 473
333.333 473.667
332.667 474.333
332 475
332 474.333
332 473.667
332 473
332 473.667
332 474.333
332 475
332.667 474.333
333.333 473.667
334 473
334.667 473
335.333 473
336 473
337.333 473
338.667 473
340 473
341.333 472.333
342.667 471.667
344 471
346 470.333
348 469.667
350 469
352 469
354 469
356 469
357.333 468.333
358.667 467.667
360 467
362 466.333
364 465.667
366 465
367.333 465
368.667 465
370 465
372 465
374 465
376 465
377.333 465
378.667 465
380 465
381.333 465
382.667 465
384 465
384.667 465.667
385.333 466.333
386 467
386.667 467
387.333 467
388 467
388 468.333
388 469.667
388 471
388 471.667
388 472.333
388 473
388 474.333
388 475.667
388 477
387.333 478.333
386.667 479.667
386 481
385.333 481
384.667 481
384 481
382.667 481.667
381.333 482.333
380 483
379.333 482.333
378.667 481.667
378 481
377.333 481
376.667 481
376 481
375.333 481
374.667 481
374 481
373.333 480.333
372.667 479.667
372 479
371.333 477
370.667 475
370 473
369.333 472.333
368.667 471.667
368 471
367.333 469.667
366.667 468.333
366 467
365.333 466.333
364.667 465.667
364 465
362.667 465
361.333 465
360 465
359.333 464.333
358.667 463.667
358 463
356.667 461.667
355.333 460.333
354 459
353.333 459
352.667 459
352 459
350.667 458.333
349.333 457.667
348 457
346.667 457.667
345.333 458.333
344 459
342.667 458.333
341.333 457.667
340 457
338.667 456.333
337.333 455.667
336 455
335.333 453.667
334.667 452.333
334 451
333.333 449.667
332.667 448.333
332 447
332 446.333
332 445.667
332 445
332.667 445
333.333 445
334 445
334.667 445
335.333 445
336 445
337.333 445
338.667 445
340 445
341.333 445.667
342.667 446.333
344 447
346 446.333
348 445.667
350 445
352 445
354 445
356 445
357.333 444.333
358.667 443.667
360 443
360.667 441
361.333 439
362 437
361.333 435.667
360.667 434.333
360 433
358.667 431.667
357.333 430.333
356 429
354.667 427.667
353.333 426.333
352 425
351.333 423.667
350.667 422.333
350 421
349.333 419.667
348.667 418.333
348 417
348 415.667
348 414.333
348 413
347.333 411.667
346.667 410.333
346 409
345.333 408.333
344.667 407.667
344 407
344 406.333
344 405.667
344 405
344 406.333
344 407.667
344 409
343.333 409.667
342.667 410.333
342 411
341.333 411
340.667 411
340 411
339.333 411
338.667 411
338 411
338 410.333
338 409.667
338 409
338 409.667
338 410.333
338 411
338 410.333
338 409.667
338 409
338.667 409.667
339.333 410.333
340 411
340 411
340 411
340 411
340 411.667
340 412.333
340 413
340 414.333
340 415.667
340 417
340.667 417.667
341.333 418.333
342 419
343.333 420.333
344.667 421.667
346 423
347.333 423.667
348.667 424.333
350 425
352 425.667
354 426.333
356 427
358 426.333
360 425.667
362 425
363.333 424.333
364.667 423.667
366 423
366.667 421.667
367.333 420.333
368 419
367.333 417.667
366.667 416.333
366 415
365.333 413.667
364.667 412.333
364 411
362.667 409.667
361.333 408.333
360 407
358.667 406.333
357.333 405.667
356 405
354.667 405
353.333 405
352 405
350.667 405
349.333 405
348 405
347.333 405
346.667 405
346 405
346 405
346 405
346 405
346.667 405
347.333 405
348 405
348.667 405
349.333 405
350 405
350.667 405
351.333 405
352 405
353.333 405
354.667 405
356 405
356.667 405
357.333 405
358 405
358.667 405
359.333 405
360 405
360.667 405
361.333 405
362 405
362.667 404.333
363.333 403.667
364 403
364.667 402.333
365.333 401.667
366 401
366 401
366 401
366 401
366.667 400.333
367.333 399.667
368 399
366.667 397
365.333 395
364 393
363.333 391.667
362.667 390.333
362 389
361.333 387.667
360.667 386.333
360 385
358.667 384.333
357.333 383.667
356 383
355.333 382.333
354.667 381.667
354 381
352.667 381.667
351.333 382.333
350 383
349.333 383
348.667 383
348 383
348 383
348 383
348 383
348 383
348 383
348 383
349.333 383
350.667 383
352 383
354 383.667
356 384.333
358 385
360 385.667
362 386.333
364 387
366.667 387
369.333 387
372 387
374 387
376 387
378 387
380 387
382 387
384 387
385.333 387
386.667 387
388 387
388.667 387
389.333 387
390 387
390.667 387
391.333 387
392 387
392.667 387
393.333 387
394 387
393.333 387
392.667 387
392 387
391.333 387
390.667 387
390 387
388 387
386 387
384 387
382.667 387
381.333 387
380 387
378 387
376 387
374 387
372 386.333
370 385.667
368 385
366 385.667
364 386.333
362 387
359.333 386.333
356.667 385.667
354 385
352.667 385
351.333 385
350 385
348.667 384.333
347.333 383.667
346 383
345.333 381.667
344.667 380.333
344 379
344 377.667
344 376.333
344 375
344 373
344 371
344 369
344.667 367.667
345.333 366.333
346 365
348 363.667
350 362.333
352 361
353.333 360.333
354.667 359.667
356 359
358 359
360 359
362 359
363.333 359
364.667 359
366 359
366.667 360.333
367.333 361.667
368 363
368 365
368 367
368 369
367.333 371
366.667 373
366 375
365.333 375
364.667 375
364 375
363.333 374.333
362.667 373.667
362 373
360.667 371.667
359.333 370.333
358 369
357.333 367
356.667 365
356 363
356 360.333
356 357.667
356 355
356 353.667
356 352.333
356 351
356 350.333
356 349.667
356 349
356 349
356 349
356 349
356 349
356 349
356 349
356 348.333
356 347.667
356 347
355.333 345.667
354.667 344.333
354 343
353.333 341.667
352.667 340.333
352 339
351.333 338.333
350.667 337.667
350 337
349.333 336.333
348.667 335.667
348 335
346.667 334.333
345.333 333.667
344 333
343.333 333
342.667 333
342 333
340 333
338 333
336 333
334.667 333.667
333.333 334.333
332 335
330.667 335.667
329.333 336.333
328 337
327.333 338.333
326.667 339.667
326 341
326 342.333
326 343.667
326 345
326 345.667
326 346.333
326 347
326.667 347.667
327.333 348.333
328 349
330 349.667
332 350.333
334 351
335.333 351
336.667 351
338 351
340.667 351
343.333 351
346 351
348 351
350 351
352 351
354 351
356 351
358 351
359.333 351
360.667 351
362 351
362.667 351
363.333 351
364 351
364 351
364 351
364 351
363.333 351
362.667 351
362 351
360.667 351
359.333 351
358 351
357.333 350.333
356.667 349.667
356 349
354.667 349
353.333 349
352 349
351.333 348.333
350.667 347.667
350 347
349.333 346.333
348.667 345.667
348 345
348 344.333
348 343.667
348 343
348.667 341.667
349.333 340.333
350 339
350.667 338.333
351.333 337.667
352 337
352.667 337
353.333 337
354 337
355.333 337
356.667 337
358 337
359.333 337
360.667 337
362 337
363.333 337
364.667 337
366 337
367.333 336.333
368.667 335.667
370 335
370.667 334.333
371.333 333.667
372 333
372 333
372 333
372 333
370.667 332.333
369.333 331.667
368 331
366.667 329
365.333 327
364 325
363.333 323.667
362.667 322.333
362 321
361.333 319.667
360.667 318.333
360 317
360 315.667
360 314.333
360 313
360 312.333
360 311.667
360 311
359.333 311
358.667 311
358 311
358 311.667
358 312.333
358 313
357.333 314.333
356.667 315.667
356 317
356 317.667
356 318.333
356 319
356.667 319.667
357.333 320.333
358 321
359.333 322.333
360.667 323.667
362 325
363.333 325.667
364.667 326.333
366 327
367.333 326.333
368.667 325.667
370 325
370.667 324.333
371.333 323.667
372 323
372.667 321.667
373.333 320.333
374 319
374 317
374 315
374 313
373.333 312.333
372.667 311.667
372 311
371.333 308.333
370.667 305.667
370 303
369.333 301.667
368.667 300.333
368 299
367.333 298.333
366.667 297.667
366 297
364.667 298.333
363.333 299.667
362 301
361.333 301.667
360.667 302.333
360 303
358.667 303.667
357.333 304.333
356 305
356 306.333
356 307.667
356 309
355.333 310.333
354.667 311.667
354 313
354.667 313
355.333 313
356 313
356 313
356 313
356 313
356.667 313
357.333 313
358 313
358 311.667
358 310.333
358 309
358 307
358 305
358 303
358 300.333
358 297.667
358 295
358 293.667
358 292.333
358 291
358 290.333
358 289.667
358 289
358 289
358 289
358 289
358 288.333
358 287.667
358 287
358 285
358 283
358 281
358 280.333
358 279.667
358 279
358 277
358 275
358 273
358 273
358 273
358 273
358 272.333
358 271.667
358 271
358 270.333
358 269.667
358 269
358 270.333
358 271.667
358 273
358 273
358 273
358 273
358 273.667
358 274.333
358 275
358 275.667
358 276.333
358 277
358 278.333
358 279.667
358 281
358 282.333
358 283.667
358 285
358.667 285.667
359.333 286.333
360 287
360 287
360 287
360 287
360.667 286.333
361.333 285.667
362 285
363.333 285
364.667 285
366 285
366.667 283.667
367.333 282.333
368 281
369.333 279.667
370.667 278.333
372 277
373.333 276.333
374.667 275.667
376 275
376.667 275
377.333 275
378 275
378.667 275.667
379.333 276.333
380 277
380 279
380 281
380 283
380 284.333
380 285.667
380 287
379.333 287.667
378.667 288.333
378 289
378 289.667
378 290.333
378 291
378 289.667
378 288.333
378 287
377.333 285
376.667 283
376 281
375.333 279
374.667 277
374 275
373.333 271.667
372.667 268.333
372 265
371.333 263
370.667 261
370 259
368.667 257
367.333 255
366 253
365.333 253.667
364.667 254.333
364 255
364 254.333
364 253.667
364 253
364 254.333
364 255.667
364 257
363.333 258.333
362.667 259.667
362 261
362 261.667
362 262.333
362 263
362.667 263.667
363.333 264.333
364 265
365.333 267
366.667 269
368 271
369.333 271
370.667 271
372 271
373.333 271.667
374.667 272.333
376 273
377.333 273
378.667 273
380 273
380 271.667
380 270.333
380 269
380.667 267
381.333 265
382 263
381.333 260.333
380.667 257.667
380 255
379.333 253
378.667 251
378 249
377.333 247.667
376.667 246.333
376 245
374.667 243.667
373.333 242.333
372 241
371.333 239.667
370.667 238.333
370 237
370 237
370 237
370 237
369.333 236.333
368.667 235.667
368 235
367.333 235
366.667 235
366 235
366 236.333
366 237.667
366 239
366 239.667
366 240.333
366 241
367.333 243
368.667 245
370 247
370.667 247.667
371.333 248.333
372 249
373.333 249.667
374.667 250.333
376 251
377.333 251
378.667 251
380 251
381.333 249.667
382.667 248.333
384 247
384 245.667
384 244.333
384 243
384 241.667
384 240.333
384 239
383.333 237.667
382.667 236.333
382 235
380.667 233.667
379.333 232.333
378 231
376.667 230.333
375.333 229.667
374 229
373.333 229
372.667 229
372 229
371.333 229.667
370.667 230.333
370 231
370 230.333
370 229.667
370 229
370.667 229.667
371.333 230.333
372 231
373.333 230.333
374.667 229.667
376 229
377.333 229
378.667 229
380 229
381.333 228.333
382.667 227.667
384 227
384.667 225.667
385.333 224.333
386 223
386 222.333
386 221.667
386 221
385.333 220.333
384.667 219.667
384 219
383.333 217.667
382.667 216.333
382 215
380.667 213.667
379.333 212.333
378 211
377.333 209.667
376.667 208.333
376 207
375.333 206.333
374.667 205.667
374 205
374 205
374 205
374 205
374 204.333
374 203.667
374 203
374.667 202.333
375.333 201.667
376 201
377.333 201.667
378.667 202.333
380 203
381.333 203
382.667 203
384 203
385.333 202.333
386.667 201.667
388 201
388 201.667
388 202.333
388 203
386.667 201.667
385.333 200.333
384 199
383.333 198.333
382.667 197.667
382 197
380.667 196.333
379.333 195.667
378 195
377.333 193.667
376.667 192.333
376 191
376 189.667
376 188.333
376 187
376 185.667
376 184.333
376 183
376.667 182.333
377.333 181.667
378 181
379.333 181.667
380.667 182.333
382 183
383.333 182.333
384.667 181.667
