785 631
785 631
785 631
785 631
785 631
785 631
785 631
785 631
785 631
785 631
785 631
785 631
785 631
785 631
785 631
785 631
785 631
785 631
785 631
785 631
785 631
785 631
785 631
785 631
785 631
785 631
785 631
785 631
785 631
785 631
785 631
785 631
785 631
785 631
785 631
785 631
785 631
785 631
785 631
785 631
785 631
785 631
785 631
785 631
785 631
785 631
785 631
785 631
785 631
785 631
785 631
785 631
785 631
785 631
785 631
785 631
785 631
785 631
785 631
785 631
785 631
785 631
785 631
785 631
785 631
785 631
785 631
785 631
785 631
785 631
785 631
785 631
785 631
785 631
785 631
785 631
785 631
785 631
785 631
785 631
785 631
785 631
785 631
785 631
785 631
785 631
785 631
785 631
785 631
785 631
785 631
785 631
785 631
785 631
785 631
785 631
785 631
785 631
785 631
785 631
785 631
785 631
785 631
785 631
785 631
785 631
785 631
785 631
785 631
785 631
785 631
785 631
785 631
785 631
785 631
785 631
785 631
785 631
785 631
785 631
785 631
785 631
785 631
785 631
785 631
785 631
785 631
785 631
785 631
785 631
785 631
785 631
785 631
785 631
785 631
785 631
785 631
785 631
785 631
785 631
785 631
785 631
785 631
785 631
785 631
785 631
785 631
785 631
785 631
785 631
785 631
783.667 631
782.333 631
781 631
779 630.333
777 629.667
775 629
773 628.333
771 627.667
769 627
767 625.667
765 624.333
763 623
757.667 620.333
752.333 617.667
747 615
742.333 612.333
737.667 609.667
733 607
729 604.333
725 601.667
721 599
719.667 598.333
718.333 597.667
717 597
718.333 597.667
719.667 598.333
721 599
722.333 599.667
723.667 600.333
725 601
726.333 601.667
727.667 602.333
729 603
728.333 603
727.667 603
727 603
724.333 602.333
721.667 601.667
719 601
717.667 600.333
716.333 599.667
715 599
715.667 599
716.333 599
717 599
719 599.667
721 600.333
723 601
725 601.667
727 602.333
729 603
731 603.667
733 604.333
735 605
736.333 605.667
737.667 606.333
739 607
741 607.667
743 608.333
745 609
746.333 609.667
747.667 610.333
749 611
741 608.333
733 605.667
725 603
724.333 603.667
723.667 604.333
723 605
725 605.667
727 606.333
729 607
730.333 607
731.667 607
733 607
734.333 607
735.667 607
737 607
738.333 607
739.667 607
741 607
741.667 607
742.333 607
743 607
743.667 607
744.333 607
745 607
745.667 607
746.333 607
747 607
747.667 607.667
748.333 608.333
749 609
749.667 609.667
750.333 610.333
751 611
750.333 611.667
749.667 612.333
749 613
749 613.667
749 614.333
749 615
748.333 615.667
747.667 616.333
747 617
746.333 617.667
745.667 618.333
745 619
745 619.667
745 620.333
745 621
745.667 621.667
746.333 622.333
747 623
747.667 623.667
748.333 624.333
749 625
750.333 625.667
751.667 626.333
753 627
754.333 627.667
755.667 628.333
757 629
758.333 629
759.667 629
761 629
761.667 629
762.333 629
763 629
763.667 629
764.333 629
765 629
765.667 629
766.333 629
767 629
767.667 629
768.333 629
769 629
769.667 629
770.333 629
771 629
771 629
771 629
771 629
771 629
771 629
771 629
771 629
771 629
771 629
771 629
771 629
771 629
771 629
771 629
771 629
771 629
771 629
771 629
771 629
771 629
771 629
770.333 629
769.667 629
769 629
769 629
769 629
769 629
768.333 629
767.667 629
767 629
766.333 629
765.667 629
765 629
765 629
765 629
765 629
765 629
765 629
765 629
764.333 629
763.667 629
763 629
762.333 628.333
761.667 627.667
761 627
761 627
761 627
761 627
761 627
761 627
761 627
761 627
761 627
761 627
760.333 627
759.667 627
759 627
758.333 627
757.667 627
757 627
757 627
757 627
757 627
757 627
757 627
757 627
757 627
757 627
757 627
757 627
757 627
757 627
757 627
757 627
757 627
757 627
757 627
757 627
757 627
757 627
757 627
757 627
757 627
757 627
757 627
757 627
757 627
757.667 627
758.333 627
759 627
759 627
759 627
759 627
759 627
759 627
759 627
759 627.667
759 628.333
759 629
759.667 629
760.333 629
761 629
761.667 629
762.333 629
763 629
763 629
763 629
763 629
763 629
763 629
763 629
763 629
763 629
763 629
763 629
763 629
763 629
763 629.667
763 630.333
763 631
763 631.667
763 632.333
763 633
763 633
763 633
763 633
763.667 633
764.333 633
765 633
765.667 633
766.333 633
767 633
767 633
767 633
767 633
767 633
767 633
767 633
767 633
767 633
767 633
767 633
767 633
767 633
767 633
767 633
767 633
767 633
767 633
767 633
767 633
767 633
767 633
767 633
767 633
767 633
767 633
767 633
767 633
767 633
767 633
767 633
767 633
767 633
767 633
766.333 633
765.667 633
765 633
765.667 633
766.333 633
767 633
766.333 633
765.667 633
765 633
765 633
765 633
765 633
765 633
765 633
765 633
764.333 633
763.667 633
763 633
762.333 633
761.667 633
761 633
761 633
761 633
761 633
760.333 633
759.667 633
759 633
757.667 633
756.333 633
755 633
754.333 633
753.667 633
753 633
753 633
753 633
753 633
752.333 632.333
751.667 631.667
751 631
750.333 631
749.667 631
749 631
748.333 631
747.667 631
747 631
746.333 631
745.667 631
745 631
745 631
745 631
745 631
744.333 631
743.667 631
743 631
742.333 631
741.667 631
741 631
741 631
741 631
741 631
741 631
741 631
741 631
741 631
741 631
741 631
741 631.667
741 632.333
741 633
741 633
741 633
741 633
741 633
741 633
741 633
741.667 633.667
742.333 634.333
743 635
743 635.667
743 636.333
743 637
743.667 637
744.333 637
745 637
745.667 637
746.333 637
747 637
747.667 637
748.333 637
749 637
749.667 637
750.333 637
751 637
751.667 637
752.333 637
753 637
754.333 637.667
755.667 638.333
757 639
757.667 639.667
758.333 640.333
759 641
759 641
759 641
759 641
759.667 641
760.333 641
761 641
762.333 641
763.667 641
765 641
765.667 641
766.333 641
767 641
767 641
767 641
767 641
767.667 641
768.333 641
769 641
769.667 641
770.333 641
771 641
771 641
771 641
771 641
771.667 641
772.333 641
773 641
773.667 641
774.333 641
775 641
775 641
775 641
775 641
775 641
775 641
775 641
775 641
775 641
775 641
775 640.333
775 639.667
775 639
775 639
775 639
775 639
775 638.333
775 637.667
775 637
774.333 636.333
773.667 635.667
773 635
773.667 635
774.333 635
775 635
774.333 634.333
773.667 633.667
773 633
773 632.333
773 631.667
773 631
772.333 631
771.667 631
771 631
770.333 630.333
769.667 629.667
769 629
769 629
769 629
769 629
769 629
769 629
769 629
769 629
769 629
769 629
769 629
769 629
769 629
769 629
769 629
769 629
769 629
769 629
769 629
769 629
769 629
769 629
769 629
769 629
769 629
769 629
769 629
769 629
769 629
769 629
769 629
769 629
769 629
769 629
769 628.333
769 627.667
769 627
769 626.333
769 625.667
769 625
769 624.333
769 623.667
769 623
768.333 622.333
767.667 621.667
767 621
766.333 620.333
765.667 619.667
765 619
765 618.333
765 617.667
765 617
764.333 616.333
763.667 615.667
763 615
763 614.333
763 613.667
763 613
763 612.333
763 611.667
763 611
763 611
763 611
763 611
763 611
763 611
763 611
763 611
763 611
763 611
763 611
763 611
763 611
763.667 611.667
764.333 612.333
765 613
765.667 613
766.333 613
767 613
767 613
767 613
767 613
767.667 613
768.333 613
769 613
769.667 613.667
770.333 614.333
771 615
771 615
771 615
771 615
771.667 615
772.333 615
773 615
773.667 615
774.333 615
775 615
775 615
775 615
775 615
775 614.333
775 613.667
775 613
774.333 612.333
773.667 611.667
773 611
773 610.333
773 609.667
773 609
773 608.333
773 607.667
773 607
772.333 606.333
771.667 605.667
771 605
770.333 604.333
769.667 603.667
769 603
769 602.333
769 601.667
769 601
768.333 600.333
767.667 599.667
767 599
766.333 598.333
765.667 597.667
765 597
764.333 596.333
763.667 595.667
763 595
762.333 594.333
761.667 593.667
761 593
761 592.333
761 591.667
761 591
760.333 590.333
759.667 589.667
759 589
758.333 588.333
757.667 587.667
757 587
757 587
757 587
757 587
757 586.333
757 585.667
757 585
757 584.333
757 583.667
757 583
757.667 583
758.333 583
759 583
759 582.333
759 581.667
759 581
759 580.333
759 579.667
759 579
759.667 579
760.333 579
761 579
762.333 579
763.667 579
765 579
765.667 579
766.333 579
767 579
767 579
767 579
767 579
767 579
767 579
767 579
766.333 579
765.667 579
765 579
765 579
765 579
765 579
765 578.333
765 577.667
765 577
764.333 576.333
763.667 575.667
763 575
762.333 575
761.667 575
761 575
761 574.333
761 573.667
761 573
761 572.333
761 571.667
761 571
761 570.333
761 569.667
761 569
761 568.333
761 567.667
761 567
761 566.333
761 565.667
761 565
761.667 564.333
762.333 563.667
763 563
763 562.333
763 561.667
763 561
763 560.333
763 559.667
763 559
763.667 559
764.333 559
765 559
766.333 559
767.667 559
769 559
769.667 559
770.333 559
771 559
771 559
771 559
771 559
771 559
771 559
771 559
771 559
771 559
771 559
771 558.333
771 557.667
771 557
771.667 556.333
772.333 555.667
773 555
773.667 554.333
774.333 553.667
775 553
774.333 551.667
773.667 550.333
773 549
773 548.333
773 547.667
773 547
772.333 546.333
771.667 545.667
771 545
770.333 543.667
769.667 542.333
769 541
769 540.333
769 539.667
769 539
769 538.333
769 537.667
769 537
768.333 536.333
767.667 535.667
767 535
766.333 535
765.667 535
765 535
765 535
765 535
765 535
764.333 535
763.667 535
763 535
762.333 534.333
761.667 533.667
761 533
761.667 532.333
762.333 531.667
763 531
763 530.333
763 529.667
763 529
763 527
763 525
763 523
763.667 521
764.333 519
765 517
765 515
765 513
765 511
765 511
765 511
765 511
765 511.667
765 512.333
765 513
764.333 513.667
763.667 514.333
763 515
763 516.333
763 517.667
763 519
763 519.667
763 520.333
763 521
763 521.667
763 522.333
763 523
763 523.667
763 524.333
763 525
763.667 525.667
764.333 526.333
765 527
766.333 527.667
767.667 528.333
769 529
769.667 529
770.333 529
771 529
771 529
771 529
771 529
771.667 529
772.333 529
773 529
773.667 528.333
774.333 527.667
775 527
774.333 525.667
773.667 524.333
773 523
773 521
773 519
773 517
772.333 515
771.667 513
771 511
769.667 509.667
768.333 508.333
767 507
766.333 506.333
765.667 505.667
765 505
764.333 504.333
763.667 503.667
763 503
762.333 503.667
761.667 504.333
761 505
761 505.667
761 506.333
761 507
761.667 508.333
762.333 509.667
763 511
762.333 511.667
761.667 512.333
761 513
761.667 513.667
762.333 514.333
763 515
763 515.667
763 516.333
763 517
763 516.333
763 515.667
763 515
763 514.333
763 513.667
763 513
763 511
763 509
763 507
763 505
763 503
763 501
762.333 499
761.667 497
761 495
761 493.667
761 492.333
761 491
761 490.333
761 489.667
761 489
760.333 488.333
759.667 487.667
759 487
759 487
759 487
759 487
759 487
759 487
759 487
759.667 487
760.333 487
761 487
762.333 487.667
763.667 488.333
765 489
765.667 489
766.333 489
767 489
767 488.333
767 487.667
767 487
767 486.333
767 485.667
767 485
766.333 483.667
765.667 482.333
765 481
765.667 479.667
766.333 478.333
767 477
765.667 475
764.333 473
763 471
762.333 469.667
761.667 468.333
761 467
761 465.667
761 464.333
761 463
761 463
761 463
761 463
761 463.667
761 464.333
761 465
761 465.667
761 466.333
761 467
760.333 468.333
759.667 469.667
759 471
758.333 472.333
757.667 473.667
757 475
757 477
757 479
757 481
757 482.333
757 483.667
757 485
757 485.667
757 486.333
757 487
756.333 487.667
755.667 488.333
755 489
754.333 489
753.667 489
753 489
753.667 489
754.333 489
755 489
754.333 488.333
753.667 487.667
753 487
753 487
753 487
753 487
752.333 486.333
751.667 485.667
751 485
749.667 483.667
748.333 482.333
747 481
746.333 480.333
745.667 479.667
745 479
745 478.333
745 477.667
745 477
745 476.333
745 475.667
745 475
745 475
745 475
745 475
745 475
745 475
745 475
745.667 474.333
746.333 473.667
747 473
747 472.333
747 471.667
747 471
747.667 470.333
748.333 469.667
749 469
749.667 467.667
750.333 466.333
751 465
750.333 464.333
749.667 463.667
749 463
749.667 462.333
750.333 461.667
751 461
751 460.333
751 459.667
751 459
751 457.667
751 456.333
751 455
750.333 453.667
749.667 452.333
749 451
749 449
749 447
749 445
748.333 443
747.667 441
747 439
745.667 438.333
744.333 437.667
743 437
741.667 435.667
740.333 434.333
739 433
738.333 432.333
737.667 431.667
737 431
737 431
737 431
737 431
736.333 430.333
735.667 429.667
735 429
734.333 428.333
733.667 427.667
733 427
733 427.667
733 428.333
733 429
733 429
733 429
733 429
733 429
733 429
733 429
733 429.667
733 430.333
733 431
733.667 431.667
734.333 432.333
735 433
735 433.667
735 434.333
735 435
735.667 435.667
736.333 436.333
737 437
738.333 437.667
739.667 438.333
741 439
741.667 439.667
742.333 440.333
743 441
743.667 441.667
744.333 442.333
745 443
746.333 444.333
747.667 445.667
749 447
749.667 447.667
750.333 448.333
751 449
751 449.667
751 450.333
751 451
751.667 451.667
752.333 452.333
753 453
753.667 453
754.333 453
755 453
755 453
755 453
755 453
755 453
755 453
755 453
755 453
755 453
755 453
755 452.333
755 451.667
755 451
755 450.333
755 449.667
755 449
755.667 448.333
756.333 447.667
757 447
757 445.667
757 444.333
757 443
757 442.333
757 441.667
757 441
757 439.667
757 438.333
757 437
757 436.333
757 435.667
757 435
756.333 434.333
755.667 433.667
755 433
754.333 431.667
753.667 430.333
753 429
753 427.667
753 426.333
753 425
753 423.667
753 422.333
753 421
753 420.333
753 419.667
753 419
752.333 419.667
751.667 420.333
751 421
749.667 421.667
748.333 422.333
747 423
746.333 424.333
745.667 425.667
745 427
745 428.333
745 429.667
745 431
745 432.333
745 433.667
745 435
745 436.333
745 437.667
745 439
745 440.333
745 441.667
745 443
745 443.667
745 444.333
745 445
745 444.333
745 443.667
745 443
745 442.333
745 441.667
745 441
744.333 439.667
743.667 438.333
743 437
742.333 435.667
741.667 434.333
741 433
741.667 431
742.333 429
743 427
742.333 425.667
741.667 424.333
741 423
741 421.667
741 420.333
741 419
741 418.333
741 417.667
741 417
741 415.667
741 414.333
741 413
741 412.333
741 411.667
741 411
740.333 411
739.667 411
739 411
738.333 411
737.667 411
737 411
737.667 411
738.333 411
739 411
738.333 409
737.667 407
737 405
738.333 402.333
739.667 399.667
741 397
741.667 393
742.333 389
743 385
743.667 380.333
744.333 375.667
745 371
747 366.333
749 361.667
751 357
753 352.333
755 347.667
757 343
759 339
761 335
763 331
764.333 331
765.667 331
767 331
768.333 331
769.667 331
771 331
772.333 331
773.667 331
775 331
775.667 331
776.333 331
777 331
777.667 331
778.333 331
779 331
779.667 331
780.333 331
781 331
781.667 331
782.333 331
783 331
783.667 331
784.333 331
785 331
785.667 331
786.333 331
787 331
787.667 331
788.333 331
789 331
789.667 331
790.333 331
791 331
791.667 331
792.333 331
793 331
793 331
793 331
793 331
793.667 331
794.333 331
795 331
795 331
795 331
795 331
795 331.667
795 332.333
795 333
795 333
795 333
795 333
794.333 333
793.667 333
793 333
793 333.667
793 334.333
793 335
792.333 335
791.667 335
791 335
790.333 335.667
789.667 336.333
789 337
789 337
789 337
789 337
788.333 337
787.667 337
787 337
786.333 337.667
785.667 338.333
785 339
784.333 339.667
783.667 340.333
783 341
782.333 341.667
781.667 342.333
781 343
780.333 343.667
779.667 344.333
779 345
778.333 345.667
777.667 346.333
777 347
777 347.667
777 348.333
777 349
777 349.667
777 350.333
777 351
776.333 351.667
775.667 352.333
775 353
775 353.667
775 354.333
775 355
774.333 355.667
773.667 356.333
773 357
773 357
773 357
773 357
772.333 357
771.667 357
771 357
770.333 357.667
769.667 358.333
769 359
769 359.667
769 360.333
769 361
769 361
769 361
769 361
768.333 361
767.667 361
767 361
766.333 361
765.667 361
765 361
765 361
765 361
765 361
765.667 361
766.333 361
767 361
767 361
767 361
767 361
767.667 361
768.333 361
769 361
770.333 361
771.667 361
773 361
774.333 361
775.667 361
777 361
777.667 361
778.333 361
779 361
779.667 360.333
780.333 359.667
781 359
781.667 359
782.333 359
783 359
783.667 359.667
784.333 360.333
785 361
785.667 360.333
786.333 359.667
787 359
787 359.667
787 360.333
787 361
786.333 361
785.667 361
785 361
784.333 361
783.667 361
783 361
781.667 361
780.333 361
779 361
778.333 361.667
777.667 362.333
777 363
776.333 363.667
775.667 364.333
775 365
774.333 365
773.667 365
773 365
773 365
773 365
773 365
773.667 365
774.333 365
775 365
775 364.333
775 363.667
775 363
775.667 363
776.333 363
777 363
778.333 362.333
779.667 361.667
781 361
781.667 360.333
782.333 359.667
783 359
783 360.333
783 361.667
783 363
783 363.667
783 364.333
783 365
782.333 364.333
781.667 363.667
781 363
780.333 363
779.667 363
779 363
777.667 363
776.333 363
775 363
773.667 363
772.333 363
771 363
770.333 363.667
769.667 364.333
769 365
768.333 365
767.667 365
767 365
766.333 365
765.667 365
765 365
765 365.667
765 366.333
765 367
765.667 367.667
766.333 368.333
767 369
767.667 369
768.333 369
769 369
770.333 369
771.667 369
773 369
774.333 369
775.667 369
777 369
778.333 369
779.667 369
781 369
782.333 368.333
783.667 367.667
785 367
786.333 367
787.667 367
789 367
790.333 367
791.667 367
793 367
793.667 366.333
794.333 365.667
795 365
795.667 365
796.333 365
797 365
797.667 365
798.333 365
799 365
799 365
799 365
799 365
799 365.667
799 366.333
799 367
798.333 367.667
797.667 368.333
797 369
797 369
797 369
797 369
797 368.333
797 367.667
797 367
797 367
797 367
797 367
797.667 366.333
798.333 365.667
799 365
799.667 365
800.333 365
801 365
801.667 364.333
802.333 363.667
803 363
803.667 363
804.333 363
805 363
806.333 363
807.667 363
809 363
810.333 363
811.667 363
813 363
813.667 363
814.333 363
815 363
815 363
815 363
815 363
815 362.333
815 361.667
815 361
814.333 360.333
813.667 359.667
813 359
811.667 358.333
810.333 357.667
809 357
808.333 356.333
807.667 355.667
807 355
805.667 355
804.333 355
803 355
803 355
803 355
803 355
803.667 355
804.333 355
805 355
806.333 354.333
807.667 353.667
809 353
810.333 352.333
811.667 351.667
813 351
813.667 350.333
814.333 349.667
815 349
815 348.333
815 347.667
815 347
815 346.333
815 345.667
815 345
813.667 344.333
812.333 343.667
811 343
808.333 343
805.667 343
803 343
799.667 343
796.333 343
793 343
791 343.667
789 344.333
787 345
785.667 345.667
784.333 346.333
783 347
783 347.667
783 348.333
783 349
783 348.333
783 347.667
783 347
783 347
783 347
783 347
783 346.333
783 345.667
783 345
782.333 343.667
781.667 342.333
781 341
779.667 339.667
778.333 338.333
777 337
775.667 336.333
774.333 335.667
773 335
772.333 335
771.667 335
771 335
770.333 335
769.667 335
769 335
770.333 335
771.667 335
773 335
774.333 335
775.667 335
777 335
778.333 335
779.667 335
781 335
781.667 335
782.333 335
783 335
783.667 335
784.333 335
785 335
785.667 335
786.333 335
787 335
787.667 335
788.333 335
789 335
789.667 335
790.333 335
791 335
791.667 335
792.333 335
793 335
793.667 335
794.333 335
795 335
794.333 334.333
793.667 333.667
793 333
793 332.333
793 331.667
793 331
793 330.333
793 329.667
793 329
793 328.333
793 327.667
793 327
793.667 327
794.333 327
795 327
795.667 327
796.333 327
797 327
797.667 327
798.333 327
799 327
799.667 327
800.333 327
801 327
801.667 327
802.333 327
803 327
803.667 327
804.333 327
805 327
805.667 327.667
806.333 328.333
807 329
807.667 329
808.333 329
809 329
809 329
809 329
809 329
809 329.667
809 330.333
809 331
809 331
809 331
809 331
809 331
809 331
809 331
809.667 330.333
810.333 329.667
811 329
811 329
811 329
811 329
811 329
811 329
811 329
811 329
811 329
811 329
811 329
811 329
811 329
811 329
811 329
811 329
811 329
811 329
811 329
810.333 329
809.667 329
809 329
809 328.333
809 327.667
809 327
809 327.667
809 328.333
809 329
808.333 329.667
807.667 330.333
807 331
806.333 331.667
805.667 332.333
805 333
805.667 333.667
806.333 334.333
807 335
807 335.667
807 336.333
807 337
807.667 337.667
808.333 338.333
809 339
809.667 339
810.333 339
811 339
811.667 339
812.333 339
813 339
813.667 338.333
814.333 337.667
815 337
815.667 336.333
816.333 335.667
817 335
817.667 334.333
818.333 333.667
819 333
818.333 332.333
817.667 331.667
817 331
816.333 330.333
815.667 329.667
815 329
813.667 328.333
812.333 327.667
811 327
810.333 327
809.667 327
809 327
809 327
809 327
809 327
809 327
809 327
809 327
809.667 327
810.333 327
811 327
811.667 327
812.333 327
813 327
813.667 327
814.333 327
815 327
815.667 327
816.333 327
817 327
817 327
817 327
817 327
816.333 327
815.667 327
815 327
813 327
811 327
809 327
808.333 327
807.667 327
807 327
805.667 327
804.333 327
803 327
803 327
803 327
803 327
803 327
803 327
803 327
803.667 327
804.333 327
805 327
805.667 327
806.333 327
807 327
807.667 327
808.333 327
809 327
809.667 327
810.333 327
811 327
811.667 327
812.333 327
813 327
813.667 327
814.333 327
815 327
814.333 327
813.667 327
813 327
811.667 327
810.333 327
809 327
807.667 327
806.333 327
805 327
804.333 327
803.667 327
803 327
802.333 327
801.667 327
801 327
801.667 327
802.333 327
803 327
803.667 327
804.333 327
805 327
805.667 327
806.333 327
807 327
807.667 327
808.333 327
809 327
809.667 327
810.333 327
811 327
811.667 327
812.333 327
813 327
813.667 327
814.333 327
815 327
815 327
815 327
815 327
815 327
815 327
815 327
815 327
815 327
815 327
815 327
815 327
815 327
814.333 327
813.667 327
813 327
812.333 327
811.667 327
811 327
809 326.333
807 325.667
805 325
802.333 324.333
799.667 323.667
797 323
794.333 322.333
791.667 321.667
789 321
785.667 320.333
782.333 319.667
779 319
776.333 319
773.667 319
771 319
769 319
767 319
765 319
763.667 319
762.333 319
761 319
760.333 319.667
759.667 320.333
759 321
757.667 321
756.333 321
755 321
755 321
755 321
755 321
755.667 321
756.333 321
757 321
758.333 321
759.667 321
761 321
761.667 321
762.333 321
763 321
763 321
763 321
763 321
763 321
763 321
763 321
763 321
763 321
763 321
763 321
763 321
763 321
763 321
763 321
763 321
763 321
763 321
763 321
763 321
763 321
763 321
763 321
763 321
763 321
763 321
763 321
763 321
763 321
763 321
763 321
763 321.667
763 322.333
763 323
763 323
763 323
763 323
763 323
763 323
763 323
763 323.667
763 324.333
763 325
763 324.333
763 323.667
763 323
763 323
763 323
763 323
762.333 323.667
761.667 324.333
761 325
760.333 325
759.667 325
759 325
757.667 325
756.333 325
755 325
755 325
755 325
755 325
755.667 325
756.333 325
757 325
757.667 325
758.333 325
759 325
759.667 325.667
760.333 326.333
761 327
761 327
761 327
761 327
761 326.333
761 325.667
761 325
761 325
761 325
761 325
761 325
761 325
761 325
761 325
761 325
761 325
761 325.667
761 326.333
761 327
761 327
761 327
761 327
761 327
761 327
761 327
761 327.667
761 328.333
761 329
761 329
761 329
761 329
761 328.333
761 327.667
761 327
761 327.667
761 328.333
761 329
761 329
761 329
761 329
761 328.333
761 327.667
761 327
761 327.667
761 328.333
761 329
761 329
761 329
761 329
761 328.333
761 327.667
761 327
761 327
761 327
761 327
761 327.667
761 328.333
761 329
761 328.333
761 327.667
761 327
761 327
761 327
761 327
761 327.667
761 328.333
761 329
761 328.333
761 327.667
761 327
761 327
761 327
761 327
761 327.667
761 328.333
761 329
761 328.333
761 327.667
761 327
761 327
761 327
761 327
761 327.667
761 328.333
761 329
761 329
761 329
761 329
761 328.333
761 327.667
761 327
761 327.667
761 328.333
761 329
761 329
761 329
761 329
761 328.333
761 327.667
761 327
761 327.667
761 328.333
761 329
761 329
761 329
761 329
761 328.333
761 327.667
761 327
761 327.667
761 328.333
761 329
761 329
761 329
761 329
761 328.333
761 327.667
761 327
761 327.667
761 328.333
761 329
761 329
761 329
761 329
761 328.333
761 327.667
761 327
761 327.667
761 328.333
761 329
761 329
761 329
761 329
761 328.333
761 327.667
761 327
761 327.667
761 328.333
761 329
761 329
761 329
761 329
761 328.333
761 327.667
761 327
761 327
761 327
761 327
761 327.667
761 328.333
761 329
761 328.333
761 327.667
761 327
761 327
761 327
761 327
761 327.667
761 328.333
761 329
761 328.333
761 327.667
761 327
761 327
761 327
761 327
761 327.667
761 328.333
761 329
761 328.333
761 327.667
761 327
761 327
761 327
761 327
761 327.667
761 328.333
761 329
761 328.333
761 327.667
761 327
761 327
761 327
761 327
761 327.667
761 328.333
761 329
761 328.333
761 327.667
761 327
761 327
761 327
761 327
761 327.667
761 328.333
761 329
761 328.333
761 327.667
761 327
761 327
761 327
761 327
761 327.667
761 328.333
761 329
761 329
761 329
761 329
761 328.333
761 327.667
761 327
761 327.667
761 328.333
761 329
761 329
761 329
761 329
761 328.333
761 327.667
761 327
761 327.667
761 328.333
761 329
761 329
761 329
761 329
761 328.333
761 327.667
761 327
761 327
761 327
761 327
761 327.667
761 328.333
761 329
761 328.333
761 327.667
761 327
761 327.667
761 328.333
761 329
761 329
761 329
761 329
761 328.333
761 327.667
761 327
761 327
761 327
761 327
761 327.667
761 328.333
761 329
761 328.333
761 327.667
761 327
761 327
761 327
761 327
761 327.667
761 328.333
761 329
761 328.333
761 327.667
761 327
761 327
761 327
761 327
761 327.667
761 328.333
761 329
761 328.333
761 327.667
761 327
761 327
761 327
761 327
761 327.667
761 328.333
761 329
761 328.333
761 327.667
761 327
761 327
761 327
761 327
761 327.667
761 328.333
761 329
761 328.333
761 327.667
761 327
761 327
761 327
761 327
761 327.667
761 328.333
761 329
761 328.333
761 327.667
761 327
761 327
761 327
761 327
761 327.667
761 328.333
761 329
761 329
761 329
761 329
761 328.333
761 327.667
761 327
761 327.667
761 328.333
761 329
761 329
761 329
761 329
761 328.333
761 327.667
761 327
761 327.667
761 328.333
761 329
761 329
761 329
761 329
761 328.333
761 327.667
761 327
761 327.667
761 328.333
761 329
761 329
761 329
761 329
761 328.333
761 327.667
761 327
761 327.667
761 328.333
761 329
761 329
761 329
761 329
761 328.333
761 327.667
761 327
761 327.667
761 328.333
761 329
761 329
761 329
761 329
761 328.333
761 327.667
761 327
761 327
761 327
761 327
761 327.667
761 328.333
761 329
761 328.333
761 327.667
761 327
761 327
761 327
761 327
761 327.667
761 328.333
761 329
761 328.333
761 327.667
761 327
761 327
761 327
761 327
761 327.667
761 328.333
761 329
761 328.333
761 327.667
761 327
761 327
761 327
761 327
761 327.667
761 328.333
761 329
761 328.333
761 327.667
761 327
761 327
761 327
761 327
761 327.667
761 328.333
761 329
761 329
761 329
761 329
761 328.333
761 327.667
