-0.351539 -0.138235 -0.925265 0.0345676
-0.352061 -0.140566 -0.924722 0.0344065
-0.351457 -0.140599 -0.924941 0.0345477
-0.350856 -0.140634 -0.925169 0.0344232
-0.350255 -0.140668 -0.925396 0.0342986
-0.350184 -0.142014 -0.925208 0.0345578
-0.35011 -0.14302 -0.92508 0.0345579
-0.348807 -0.144769 -0.92529 0.0348336
-0.348716 -0.146451 -0.92507 0.0345606
-0.348642 -0.147794 -0.924875 0.0348194
-0.347944 -0.149846 -0.924803 0.0349468
-0.347266 -0.151224 -0.924828 0.0350809
-0.346688 -0.150927 -0.925098 0.0349566
-0.34615 -0.149617 -0.925496 0.0353711
-0.344427 -0.148042 -0.926386 0.0355369
-0.343961 -0.145384 -0.926984 0.0354266
-0.344661 -0.143326 -0.927059 0.0350324
-0.345897 -0.142583 -0.926724 0.034756
-0.347068 -0.143528 -0.926151 0.0344665
-0.347629 -0.144506 -0.925794 0.0343184
-0.348792 -0.145108 -0.925272 0.0340358
-0.349373 -0.145409 -0.925011 0.0338945
-0.349933 -0.146046 -0.924714 0.0334874
-0.35112 -0.146313 -0.924241 0.0329398
-0.351626 -0.148293 -0.923729 0.0330516
-0.352185 -0.149267 -0.923374 0.0326389
-0.352159 -0.149938 -0.923266 0.0328978
-0.351585 -0.149303 -0.923601 0.0325142
-0.352188 -0.149268 -0.923382 0.0323736
-0.352165 -0.149941 -0.923282 0.0323671
-0.352121 -0.150949 -0.923144 0.0320952
-0.352048 -0.152626 -0.922888 0.032347
-0.352029 -0.1533 -0.922793 0.0320748
-0.352026 -0.153298 -0.922785 0.03234
-0.352008 -0.153972 -0.922689 0.0320678
-0.352004 -0.15397 -0.922681 0.032333
-0.352008 -0.153972 -0.922689 0.0320678
-0.352004 -0.15397 -0.922681 0.032333
-0.352008 -0.153972 -0.922689 0.0320678
-0.352004 -0.15397 -0.922681 0.032333
-0.352008 -0.153972 -0.922689 0.0320678
-0.352055 -0.152966 -0.922838 0.0320747
-0.350903 -0.152372 -0.923365 0.0323553
-0.349769 -0.151103 -0.923994 0.0326433
-0.348027 -0.149867 -0.924837 0.0330724
-0.345672 -0.148663 -0.925893 0.0336432
-0.342653 -0.148499 -0.927005 0.0346157
-0.3396 -0.148671 -0.928074 0.0353236
-0.336489 -0.149853 -0.928979 0.0362921
-0.334551 -0.15198 -0.929296 0.037237
-0.333198 -0.154407 -0.929349 0.0380396
-0.333742 -0.155719 -0.928941 0.0378892
-0.335532 -0.156283 -0.928219 0.0374625
-0.341605 -0.156936 -0.925958 0.0357701
-0.350735 -0.156059 -0.922795 0.032857
-0.360964 -0.155434 -0.919048 0.0299375
-0.3682 -0.153658 -0.916542 0.0277363
-0.37306 -0.151703 -0.914942 0.0263588
-0.375098 -0.147612 -0.914804 0.0254229
-0.36952 -0.143656 -0.917667 0.0265465
-0.36483 -0.142259 -0.91971 0.0282026
-0.36058 -0.142827 -0.921249 0.0297213
-0.359848 -0.144867 -0.921195 0.0303871
-0.35973 -0.147212 -0.920861 0.0306388
-0.359686 -0.148217 -0.920717 0.0306316
-0.359701 -0.147544 -0.920819 0.0306397
-0.359748 -0.146539 -0.920969 0.0303821
-0.358649 -0.144936 -0.921633 0.0309322
-0.357596 -0.141306 -0.922604 0.0309764
-0.356019 -0.134318 -0.924249 0.0311942
-0.353841 -0.1287 -0.92589 0.0309947
-0.355049 -0.128979 -0.925389 0.0309732
-0.356706 -0.133621 -0.924099 0.0307793
-0.357845 -0.136262 -0.923274 0.0307353
-0.357835 -0.136939 -0.923187 0.0304624
-0.357821 -0.137616 -0.923092 0.0304547
-0.357879 -0.136947 -0.923177 0.0301873
-0.356121 -0.136035 -0.923987 0.0303494
-0.353709 -0.136165 -0.924866 0.031177
-0.354282 -0.136467 -0.924598 0.0313032
-0.357778 -0.138626 -0.922949 0.0307133
-0.36373 -0.139638 -0.920521 0.0290325
-0.370388 -0.138269 -0.918125 0.0272198
-0.373565 -0.1351 -0.91736 0.0254663
-0.373728 -0.132763 -0.917642 0.025201
-0.371505 -0.130212 -0.918893 0.0257649
-0.366865 -0.128114 -0.92101 0.0271537
-0.363302 -0.126946 -0.922549 0.0282735
-0.360306 -0.1271 -0.923664 0.0295044
-0.357875 -0.127558 -0.924518 0.0303333
-0.357875 -0.127558 -0.924518 0.0303333
-0.357274 -0.127589 -0.924742 0.0304738
-0.357875 -0.127558 -0.924518 0.0303333
-0.358485 -0.126849 -0.924393 0.0299354
-0.360312 -0.12642 -0.923754 0.0295129
-0.36452 -0.126547 -0.922124 0.0282572
-0.366964 -0.125754 -0.921295 0.027165
-0.36884 -0.123979 -0.920807 0.0264846
-0.370047 -0.124259 -0.920285 0.0264601
-0.370047 -0.124259 -0.920285 0.0264601
-0.369459 -0.123612 -0.920604 0.026608
-0.367677 -0.123704 -0.921285 0.027291
-0.365299 -0.123147 -0.92228 0.0281232
-0.362312 -0.123298 -0.923408 0.0290885
-0.35929 -0.123103 -0.924582 0.0300661
-0.359293 -0.123104 -0.92459 0.0298003
-0.359921 -0.122738 -0.924399 0.0296581
-0.361757 -0.121633 -0.923858 0.0287127
-0.36543 -0.120448 -0.922608 0.0273368
-0.367898 -0.119322 -0.921798 0.0265073
-0.36918 -0.117577 -0.921532 0.0257007
-0.36986 -0.11654 -0.921395 0.0255546
-0.369323 -0.115217 -0.921765 0.0259628
-0.368787 -0.113893 -0.92214 0.0261062
-0.368251 -0.112567 -0.922513 0.0262497
-0.367088 -0.10956 -0.923322 0.0268259
-0.364795 -0.103195 -0.924944 0.0274415
-0.358518 -0.0928837 -0.928437 0.0290277
-0.35277 -0.0828094 -0.93154 0.0304705
-0.351726 -0.075619 -0.932536 0.0307781
-0.353447 -0.0748651 -0.931967 0.0301158
-0.355727 -0.0771912 -0.930919 0.0298308
-0.357376 -0.0833129 -0.929773 0.02939
-0.358432 -0.0911577 -0.92864 0.0290655
-0.358389 -0.0925264 -0.928529 0.0287949
-0.357812 -0.0915218 -0.928847 0.0289403
-0.357835 -0.0911813 -0.92888 0.0286723
-0.357209 -0.0922317 -0.929021 0.0285412
-0.356559 -0.0936227 -0.929128 0.0286782
-0.355895 -0.0946688 -0.929272 0.0288219
-0.357639 -0.0963076 -0.928446 0.0283972
-0.361169 -0.0985539 -0.926861 0.0278132
-0.367152 -0.100019 -0.924406 0.0258636
-0.370282 -0.0982078 -0.923385 0.0246192
-0.368765 -0.0931878 -0.924515 0.0244992
-0.365351 -0.0875231 -0.926414 0.0248244
-0.360554 -0.084949 -0.928499 0.0259685
-0.356828 -0.086781 -0.92972 0.0276187
-0.356078 -0.0909103 -0.929569 0.0290853
-0.357791 -0.0942657 -0.928581 0.0289165
-0.358369 -0.095269 -0.928261 0.0287708
-0.359021 -0.0938798 -0.928163 0.0283671
-0.358522 -0.0904828 -0.928712 0.0277201
-0.357446 -0.0864169 -0.929505 0.0280113
-0.355697 -0.0840776 -0.930377 0.0284414
-0.35511 -0.0844441 -0.930564 0.0285749
-0.35751 -0.0853923 -0.929583 0.0277399
-0.36115 -0.0856136 -0.928195 0.026356
-0.36482 -0.0837802 -0.926972 0.0247181
-0.366162 -0.0799802 -0.926786 0.0244391
-0.363862 -0.0762897 -0.927979 0.0252744
-0.361532 -0.0722431 -0.929205 0.0255848
-0.359145 -0.0681805 -0.930405 0.0267057
-0.357296 -0.0654672 -0.931282 0.0276901
-0.354226 -0.0645065 -0.932483 0.0289461
-0.351743 -0.0662927 -0.933263 0.0300456
-0.34923 -0.069809 -0.933923 0.0308706
-0.347957 -0.0722597 -0.934211 0.0308789
-0.346098 -0.073347 -0.934794 0.0315693
-0.34608 -0.0743839 -0.934728 0.0312968
-0.346651 -0.0764378 -0.934355 0.0311471
-0.346609 -0.0785085 -0.9342 0.031139
-0.347767 -0.0815741 -0.933516 0.0308429
-0.348351 -0.0832783 -0.933153 0.0306917
-0.347167 -0.0826314 -0.933651 0.0307047
-0.344778 -0.0809871 -0.93467 0.0310057
-0.342342 -0.0793336 -0.935678 0.0318522
-0.34296 -0.0793157 -0.935467 0.0314412
-0.344816 -0.078915 -0.934824 0.0312832
-0.346118 -0.0775025 -0.934488 0.0304582
-0.346792 -0.0750694 -0.934458 0.0297868
-0.345607 -0.0730318 -0.935058 0.0298096
-0.343187 -0.069637 -0.93618 0.0306636
-0.340217 -0.0620871 -0.937778 0.0311348
-0.338457 -0.0551798 -0.938822 0.0318536
-0.337906 -0.0503231 -0.939306 0.03147
-0.338524 -0.0499634 -0.939117 0.0310607
-0.338464 -0.0534402 -0.938929 0.0315932
-0.337181 -0.0569432 -0.939166 0.0321365
-0.33345 -0.0584159 -0.940387 0.0327155
-0.329709 -0.0577973 -0.941703 0.0338471
-0.329087 -0.0578109 -0.941925 0.0337196
-0.329682 -0.0591912 -0.941626 0.0338444
-0.334623 -0.0615179 -0.939773 0.0326951
-0.346352 -0.0619407 -0.935602 0.0291828
-0.35676 -0.0627303 -0.931769 0.0243599
-0.364077 -0.0601428 -0.929186 0.0210794
-0.366592 -0.0552732 -0.928518 0.0202594
-0.363695 -0.0491419 -0.929972 0.0214986
-0.356061 -0.0371934 -0.933438 0.0230516
-0.353034 -0.0309954 -0.934808 0.0232349
-0.351765 -0.0289256 -0.935338 0.0238016
-0.350486 -0.0313677 -0.935704 0.0251621
-0.350402 -0.0372652 -0.93549 0.0262335
-0.352124 -0.0452064 -0.934482 0.026605
-0.352635 -0.0517704 -0.933938 0.0269883
-0.353164 -0.0569435 -0.933434 0.027103
-0.354901 -0.0620799 -0.932452 0.0269344
-0.354823 -0.0676 -0.932098 0.0269132
-0.354801 -0.0707052 -0.931884 0.0266277
-0.354819 -0.0696713 -0.931955 0.0266314
-0.352464 -0.065598 -0.933142 0.0266721
-0.348356 -0.0580993 -0.935182 0.0265993
-0.345403 -0.0505379 -0.93671 0.026786
-0.343604 -0.0484906 -0.937459 0.0274792
-0.344221 -0.0505645 -0.93712 0.0275953
-0.344217 -0.049174 -0.937195 0.0276034
-0.344224 -0.0456988 -0.937391 0.0268127
-0.343648 -0.0401468 -0.937875 0.0261629
-0.342459 -0.0349455 -0.93851 0.0264559
-0.339428 -0.0294099 -0.939787 0.0268989
-0.336999 -0.0245515 -0.940807 0.026658
-0.335794 -0.0196726 -0.941352 0.0266739
-0.333964 -0.0144416 -0.942108 0.026289
-0.332119 -0.00920192 -0.942829 0.0261736
-0.330258 -0.00535526 -0.943516 0.0260571
-0.331512 -0.00465257 -0.943095 0.0255028
-0.332141 -0.00465156 -0.942884 0.0250896
-0.332145 -0.00430152 -0.942885 0.0250889
-0.332145 -0.00430152 -0.942885 0.0250889
-0.332148 -0.00325131 -0.942888 0.0250886
-0.332152 -0.00255118 -0.942889 0.0250879
-0.332783 -0.00185062 -0.942679 0.0246747
-0.333406 -0.0018502 -0.942462 0.0245334
-0.332783 -0.00185062 -0.942679 0.0246747
-0.333406 -0.0018502 -0.942462 0.0245334
-0.333408 -0.00185021 -0.942468 0.0242625
-0.333413 -0.00115037 -0.942468 0.0242615
-0.334036 -0.0011501 -0.942251 0.0241204
-0.334044 -0.000450415 -0.942256 0.0238483
-0.334046 -0.000450418 -0.942262 0.0235774
-0.334049 -0.000800275 -0.942261 0.0235768
-0.334049 -0.000800275 -0.942261 0.0235768
-0.334046 -0.000450418 -0.942262 0.0235774
-0.334046 -0.000450418 -0.942262 0.0235774
-0.334049 -0.000800275 -0.942261 0.0235768
-0.334049 -0.000800275 -0.942261 0.0235768
-0.334048 -0.000450421 -0.942268 0.0233065
-0.334053 -0.000800285 -0.942272 0.0230349
-0.334673 -0.000800095 -0.942049 0.0231649
-0.334675 -0.0008001 -0.942055 0.0228941
-0.334673 -0.000800095 -0.942049 0.0231649
-0.334675 -0.0008001 -0.942055 0.0228941
-0.334675 -0.0008001 -0.942055 0.0228941
-0.334675 -0.0008001 -0.942055 0.0228941
-0.334675 -0.0008001 -0.942055 0.0228941
-0.334675 -0.0008001 -0.942055 0.0228941
-0.334675 -0.0008001 -0.942055 0.0228941
-0.334675 -0.0008001 -0.942055 0.0228941
-0.334675 -0.0008001 -0.942055 0.0228941
-0.334675 -0.0008001 -0.942055 0.0228941
-0.334675 -0.0008001 -0.942055 0.0228941
-0.335297 -0.000799915 -0.941837 0.0227533
-0.334675 -0.0008001 -0.942055 0.0228941
-0.335297 -0.000799915 -0.941837 0.0227533
-0.335297 -0.000799915 -0.941837 0.0227533
-0.335297 -0.000799915 -0.941837 0.0227533
-0.335297 -0.000799915 -0.941837 0.0227533
-0.335297 -0.000799915 -0.941837 0.0227533
-0.335297 -0.000799915 -0.941837 0.0227533
-0.335297 -0.000799915 -0.941837 0.0227533
-0.335297 -0.000799915 -0.941837 0.0227533
-0.335297 -0.000799915 -0.941837 0.0227533
-0.335297 -0.000799915 -0.941837 0.0227533
-0.335919 -0.00079973 -0.941619 0.0226126
-0.335297 -0.000799915 -0.941837 0.0227533
-0.335297 -0.000799915 -0.941837 0.0227533
-0.335919 -0.00079973 -0.941619 0.0226126
-0.335921 -0.000799735 -0.941625 0.0223418
-0.335923 -0.00079974 -0.94163 0.0220711
-0.335921 -0.000799735 -0.941625 0.0223418
0.129574 0.282881 -0.950363 3.75718e-19
