-0.298119 -0.48751 0 0.00187386
-0.298119 -0.48751 0.0005 0.00187386
-0.298119 -0.48751 0.001 0.00187386
-0.298119 -0.48751 0.0015 0.00187386
-0.298361 -0.487528 0.002 0.00187397
-0.298598 -0.487545 0.0025 0.00187408
-0.29884 -0.487563 0.003 0.00187419
-0.298598 -0.487545 0.0035 0.00187408
-0.298361 -0.487528 0.004 0.00187397
-0.298119 -0.48751 0.0045 0.00187386
-0.298361 -0.487528 0.005 0.00187616
-0.298598 -0.487545 0.0055 0.00187846
-0.29884 -0.487563 0.006 0.00188076
-0.298598 -0.487545 0.0065 0.00188284
-0.298361 -0.487528 0.007 0.00188492
-0.298119 -0.48751 0.0075 0.00188699
-0.298361 -0.487528 0.008 0.0018871
-0.298598 -0.487545 0.0085 0.00188721
-0.29884 -0.487563 0.009 0.00188732
-0.298598 -0.487545 0.0095 0.00188721
-0.298361 -0.487528 0.01 0.0018871
-0.298119 -0.48751 0.0105 0.00188699
-0.298361 -0.487528 0.011 0.0018871
-0.298598 -0.487545 0.0115 0.00188721
-0.29884 -0.487563 0.012 0.00188732
-0.29884 -0.487563 0.0125 0.00188732
-0.29884 -0.487563 0.013 0.00188732
-0.29884 -0.487563 0.0135 0.00188732
-0.29884 -0.487563 0.014 0.00188732
-0.29884 -0.487563 0.0145 0.00188732
-0.29884 -0.487563 0.015 0.00188732
-0.29884 -0.487563 0.0155 0.00188732
-0.29884 -0.487563 0.016 0.00188732
-0.29884 -0.487563 0.0165 0.00188732
-0.29884 -0.487563 0.017 0.00188732
-0.29884 -0.487563 0.0175 0.00188732
-0.29884 -0.487563 0.018 0.00188732
-0.29884 -0.487563 0.0185 0.00188732
-0.29884 -0.487563 0.019 0.00188732
-0.29884 -0.487563 0.0195 0.00188732
-0.29884 -0.487563 0.02 0.00188732
-0.29884 -0.487563 0.0205 0.00188732
-0.29884 -0.487563 0.021 0.00188732
-0.29884 -0.487563 0.0215 0.00188951
-0.29884 -0.487563 0.022 0.0018917
-0.29884 -0.487563 0.0225 0.00189389
-0.29884 -0.487563 0.023 0.00189608
-0.29884 -0.487563 0.0235 0.00189827
-0.29884 -0.487563 0.024 0.00190046
-0.29884 -0.487563 0.0245 0.00190046
-0.29884 -0.487563 0.025 0.00190046
-0.29884 -0.487563 0.0255 0.00190046
-0.29884 -0.487563 0.026 0.00190046
-0.29884 -0.487563 0.0265 0.00190046
-0.29884 -0.487563 0.027 0.00190046
-0.29884 -0.487563 0.0275 0.00190046
-0.29884 -0.487563 0.028 0.00190046
-0.29884 -0.487563 0.0285 0.00190046
-0.29884 -0.487563 0.029 0.00190046
-0.29884 -0.487563 0.0295 0.00190046
-0.29884 -0.487563 0.03 0.00190046
-0.29884 -0.487563 0.0305 0.00190264
-0.29884 -0.487563 0.031 0.00190483
-0.29884 -0.487563 0.0315 0.00190702
-0.298598 -0.487545 0.032 0.0019091
-0.298361 -0.487528 0.0325 0.00191118
-0.298119 -0.48751 0.033 0.00191327
-0.298119 -0.48751 0.0335 0.00191108
-0.298119 -0.48751 0.034 0.00190889
-0.298119 -0.48751 0.0345 0.0019067
-0.298119 -0.48751 0.035 0.0019067
-0.298119 -0.48751 0.0355 0.0019067
-0.298119 -0.48751 0.036 0.0019067
-0.297878 -0.487493 0.0365 0.00190659
-0.29764 -0.487476 0.037 0.00190648
-0.297399 -0.487458 0.0375 0.00190638
-0.297157 -0.487441 0.038 0.00190408
-0.29692 -0.487424 0.0385 0.00190178
-0.296678 -0.487406 0.039 0.00189948
-0.296678 -0.487406 0.0395 0.00189729
-0.296678 -0.487406 0.04 0.0018951
-0.296678 -0.487406 0.0405 0.00189291
-0.296678 -0.487406 0.041 0.00189072
-0.296678 -0.487406 0.0415 0.00188853
-0.296678 -0.487406 0.042 0.00188634
-0.296437 -0.487389 0.0425 0.00188185
-0.296199 -0.487372 0.043 0.00187736
-0.295957 -0.487355 0.0435 0.00187286
-0.295477 -0.487321 0.044 0.00187045
-0.294994 -0.487287 0.0445 0.00186804
-0.294514 -0.487254 0.045 0.00186563
-0.293792 -0.487203 0.0455 0.00186092
-0.29307 -0.487154 0.046 0.0018562
-0.292348 -0.487104 0.0465 0.00185148
-0.291383 -0.487039 0.047 0.00184446
-0.290421 -0.486974 0.0475 0.00183744
-0.289455 -0.48691 0.048 0.00183041
-0.288489 -0.486847 0.0485 0.00181898
-0.287526 -0.486784 0.049 0.00180755
-0.286559 -0.486722 0.0495 0.00179611
-0.285352 -0.486646 0.05 0.00178675
-0.28414 -0.486571 0.0505 0.0017774
-0.282932 -0.486497 0.051 0.00176804
-0.281479 -0.486409 0.0515 0.00175194
-0.280026 -0.486323 0.052 0.00173584
-0.278571 -0.486239 0.0525 0.00171972
-0.276632 -0.486129 0.053 0.00170559
-0.274687 -0.486022 0.0535 0.00169145
-0.272744 -0.485918 0.054 0.0016773
-0.269824 -0.485768 0.0545 0.00166051
-0.2669 -0.485624 0.055 0.00164372
-0.263973 -0.485487 0.0555 0.00162693
-0.265924 -0.485578 0.056 0.00164109
-0.267876 -0.485671 0.0565 0.00165524
-0.269824 -0.485768 0.057 0.00166938
-0.269579 -0.485755 0.0575 0.00167593
-0.269338 -0.485743 0.058 0.00168249
-0.269093 -0.485731 0.0585 0.00168904
-0.269338 -0.485743 0.059 0.0016958
-0.269579 -0.485755 0.0595 0.00170255
-0.269824 -0.485768 0.06 0.00170931
-0.269338 -0.485743 0.0605 0.00171355
-0.268848 -0.485719 0.061 0.00171779
-0.268362 -0.485695 0.0615 0.00172203
-0.267876 -0.485671 0.062 0.00172405
-0.267387 -0.485647 0.0625 0.00172608
-0.2669 -0.485624 0.063 0.00172811
-0.266414 -0.485601 0.0635 0.00173014
-0.265924 -0.485578 0.064 0.00173217
-0.265437 -0.485555 0.0645 0.00173421
-0.264705 -0.485521 0.065 0.00173393
-0.263973 -0.485487 0.0655 0.00173366
-0.263241 -0.485454 0.066 0.00173338
-0.262508 -0.485422 0.0665 0.00173311
-0.261775 -0.485389 0.067 0.00173284
-0.261042 -0.485357 0.0675 0.00173258
-0.260796 -0.485347 0.068 0.00173249
-0.260554 -0.485337 0.0685 0.0017324
-0.260309 -0.485326 0.069 0.00173231
-0.260309 -0.485326 0.0695 0.00173454
-0.260309 -0.485326 0.07 0.00173677
-0.260309 -0.485326 0.0705 0.00173899
-0.260554 -0.485337 0.071 0.00174353
-0.260796 -0.485347 0.0715 0.00174807
-0.261042 -0.485357 0.072 0.00175261
-0.261042 -0.485357 0.0725 0.00175261
-0.261042 -0.485357 0.073 0.00175261
-0.261042 -0.485357 0.0735 0.00175261
-0.260554 -0.485337 0.074 0.00175021
-0.260063 -0.485316 0.0745 0.00174782
-0.259575 -0.485295 0.075 0.00174542
-0.258627 -0.485429 0.0755 0.00174368
-0.257673 -0.485562 0.076 0.00174193
-0.256723 -0.485695 0.0765 0.00174019
-0.255849 -0.485524 0.077 0.00173702
-0.254978 -0.485354 0.0775 0.00173385
-0.254101 -0.485184 0.078 0.00173068
-0.253224 -0.485013 0.0785 0.0017275
-0.252349 -0.484842 0.079 0.00172433
-0.251469 -0.484671 0.0795 0.00172115
-0.2509 -0.48412 0.08 0.00171846
-0.250331 -0.483568 0.0805 0.00171576
-0.24976 -0.483017 0.081 0.00171307
-0.248151 -0.482071 0.0815 0.00170835
-0.246535 -0.481126 0.082 0.00170364
-0.244914 -0.480182 0.0825 0.00169894
-0.243523 -0.479158 0.083 0.00169389
-0.242127 -0.478134 0.0835 0.00168885
-0.240726 -0.477109 0.084 0.0016838
-0.239558 -0.476001 0.0845 0.0016784
-0.238385 -0.474891 0.085 0.00167299
-0.237209 -0.473779 0.0855 0.00166757
-0.236796 -0.473543 0.086 0.0016664
-0.236382 -0.473308 0.0865 0.00166523
-0.235969 -0.473072 0.087 0.00166406
-0.236382 -0.473308 0.0875 0.00166523
-0.236796 -0.473543 0.088 0.0016664
-0.237209 -0.473779 0.0885 0.00166757
-0.237622 -0.474015 0.089 0.00166874
-0.238034 -0.47425 0.0895 0.00166991
-0.238446 -0.474487 0.09 0.00167109
-0.238858 -0.474723 0.0905 0.00167226
-0.23927 -0.474958 0.091 0.00167343
-0.23968 -0.475195 0.0915 0.00167461
-0.239444 -0.475278 0.092 0.00167497
-0.239208 -0.475362 0.0925 0.00167533
-0.238972 -0.475446 0.093 0.00167569
-0.238087 -0.475379 0.0935 0.00167525
-0.237202 -0.475313 0.094 0.00167481
-0.236315 -0.475248 0.0945 0.00167438
-0.235902 -0.475014 0.095 0.00167321
-0.235488 -0.47478 0.0955 0.00167205
-0.235075 -0.474546 0.096 0.00167089
-0.235312 -0.47446 0.0965 0.00167052
-0.235549 -0.474375 0.097 0.00167015
-0.235786 -0.474289 0.0975 0.00166978
-0.236437 -0.474439 0.098 0.00166831
-0.237087 -0.474589 0.0985 0.00166685
-0.237736 -0.47474 0.099 0.0016654
-0.23813 -0.474869 0.0995 0.00166381
-0.238528 -0.475 0.1 0.00166223
-0.238922 -0.475132 0.1005 0.00166065
-0.239569 -0.475286 0.101 0.00165922
-0.240216 -0.475441 0.1015 0.00165779
-0.240862 -0.475596 0.102 0.00165636
-0.241272 -0.475834 0.1025 0.0016553
-0.241682 -0.476072 0.103 0.00165423
-0.242091 -0.47631 0.1035 0.00165317
-0.242483 -0.476448 0.104 0.00164937
-0.242878 -0.476588 0.1045 0.00164559
-0.243269 -0.476729 0.105 0.00164181
-0.243677 -0.476969 0.1055 0.00164076
-0.244085 -0.477208 0.106 0.00163972
-0.244492 -0.477448 0.1065 0.00163867
-0.241667 -0.476794 0.107 0.0016351
-0.238833 -0.476147 0.1075 0.00163157
-0.235983 -0.475505 0.108 0.00162806
-0.235685 -0.475992 0.1085 0.00163033
-0.235388 -0.476477 0.109 0.00163259
-0.23509 -0.476963 0.1095 0.00163486
-0.23574 -0.477117 0.11 0.00163569
-0.23639 -0.47727 0.1105 0.00163652
-0.237039 -0.477424 0.111 0.00163735
-0.237512 -0.477259 0.1115 0.00163665
-0.237984 -0.477095 0.112 0.00163594
-0.238457 -0.476931 0.1125 0.00163524
-0.238929 -0.476768 0.113 0.00163228
-0.239402 -0.476604 0.1135 0.00162932
-0.239873 -0.476442 0.114 0.00162637
-0.240345 -0.476279 0.1145 0.00162116
-0.240817 -0.476117 0.115 0.00161595
-0.241288 -0.475956 0.1155 0.00161075
-0.241524 -0.475875 0.116 0.00160589
-0.24176 -0.475795 0.1165 0.00160104
-0.241995 -0.475714 0.117 0.00159618
-0.242231 -0.475634 0.1175 0.00159133
-0.242466 -0.475554 0.118 0.00158647
-0.242702 -0.475474 0.1185 0.00158162
-0.242685 -0.475376 0.119 0.00157664
-0.242671 -0.47528 0.1195 0.00157166
-0.242655 -0.475183 0.12 0.00156668
-0.242576 -0.475489 0.1205 0.00156362
-0.242501 -0.475794 0.121 0.00156056
-0.242423 -0.4761 0.1215 0.00155751
-0.242597 -0.476422 0.122 0.00155458
-0.24277 -0.476743 0.1225 0.00155164
-0.242944 -0.477065 0.123 0.00154872
-0.242647 -0.477543 0.1235 0.00154871
-0.24235 -0.478021 0.124 0.0015487
-0.242053 -0.478499 0.1245 0.0015487
-0.24174 -0.478882 0.125 0.00154823
-0.241431 -0.479264 0.1255 0.00154776
-0.241118 -0.479647 0.126 0.00154729
-0.240569 -0.480107 0.1265 0.00154716
-0.240025 -0.480567 0.127 0.00154702
-0.239477 -0.481027 0.1275 0.00154688
-0.23918 -0.481502 0.128 0.00154687
-0.238884 -0.481977 0.1285 0.00154686
-0.238587 -0.482452 0.129 0.00154685
-0.238525 -0.482848 0.1295 0.0015465
-0.238464 -0.483243 0.13 0.00154616
-0.238403 -0.483639 0.1305 0.00154582
-0.238577 -0.483956 0.131 0.00154739
-0.238751 -0.484272 0.1315 0.00154895
-0.238925 -0.484588 0.132 0.00155052
-0.239349 -0.48492 0.1325 0.00155221
-0.239769 -0.485251 0.133 0.0015539
-0.240192 -0.485582 0.1335 0.00155559
-0.24085 -0.485834 0.134 0.00155695
-0.241503 -0.486085 0.1345 0.0015583
-0.242159 -0.486337 0.135 0.00155965
-0.24306 -0.486602 0.1355 0.00155888
-0.243964 -0.486867 0.136 0.00155812
-0.244862 -0.487131 0.1365 0.00155735
-0.245823 -0.487003 0.137 0.00155469
-0.246787 -0.486874 0.1375 0.00155204
-0.247746 -0.486745 0.138 0.00154938
-0.248228 -0.48668 0.1385 0.00154693
-0.248705 -0.486615 0.139 0.00154449
-0.249186 -0.486551 0.1395 0.00154205
-0.249418 -0.486472 0.14 0.00153948
-0.249651 -0.486393 0.1405 0.00153692
-0.249883 -0.486315 0.141 0.00153435
-0.250115 -0.486237 0.1415 0.00153179
-0.250348 -0.486158 0.142 0.00152923
-0.25058 -0.48608 0.1425 0.00152666
-0.250812 -0.486002 0.143 0.0015241
-0.251044 -0.485924 0.1435 0.00152154
-0.251276 -0.485846 0.144 0.00151898
-0.251509 -0.485768 0.1445 0.00151865
-0.25174 -0.485691 0.145 0.00151833
-0.251973 -0.485613 0.1455 0.001518
-0.251973 -0.485613 0.146 0.001518
-0.251973 -0.485613 0.1465 0.001518
-0.251973 -0.485613 0.147 0.001518
-0.251725 -0.485601 0.1475 0.00151788
-0.251481 -0.485589 0.148 0.00151777
-0.251234 -0.485576 0.1485 0.00151765
-0.251481 -0.485589 0.149 0.00151777
-0.251725 -0.485601 0.1495 0.00151788
-0.251973 -0.485613 0.15 0.001518
-0.251725 -0.485601 0.1505 0.00151788
-0.251481 -0.485589 0.151 0.00151777
-0.251234 -0.485576 0.1515 0.00151765
-0.251481 -0.485589 0.152 0.00151777
-0.251725 -0.485601 0.1525 0.00151788
-0.251973 -0.485613 0.153 0.001518
-0.251725 -0.485601 0.1535 0.00151788
-0.251481 -0.485589 0.154 0.00151777
-0.251234 -0.485576 0.1545 0.00151765
-0.251234 -0.485576 0.155 0.00151765
-0.251234 -0.485576 0.1555 0.00151765
-0.251234 -0.485576 0.156 0.00151765
-0.251001 -0.485654 0.1565 0.00151798
-0.250769 -0.485731 0.157 0.0015183
-0.250537 -0.485808 0.1575 0.00151863
-0.250289 -0.485796 0.158 0.00151851
-0.250045 -0.485784 0.1585 0.00151839
-0.249797 -0.485771 0.159 0.00151828
-0.249317 -0.485836 0.1595 0.00151848
-0.24884 -0.485901 0.16 0.00151869
-0.248359 -0.485965 0.1605 0.0015189
-0.248126 -0.486042 0.161 0.00152146
-0.247893 -0.486119 0.1615 0.00152402
-0.24766 -0.486197 0.162 0.00152658
-0.247412 -0.486184 0.1625 0.00152646
-0.247168 -0.486171 0.163 0.00152634
-0.246919 -0.486158 0.1635 0.00152622
-0.246671 -0.486145 0.164 0.00152611
-0.246426 -0.486133 0.1645 0.00152599
-0.246178 -0.48612 0.165 0.00152587
-0.245944 -0.486196 0.1655 0.00152843
-0.245711 -0.486273 0.166 0.00153099
-0.245478 -0.48635 0.1665 0.00153355
-0.245058 -0.486022 0.167 0.0015341
-0.244643 -0.485694 0.1675 0.00153466
-0.244222 -0.485365 0.168 0.00153521
-0.243973 -0.485351 0.1685 0.00153509
-0.243728 -0.485338 0.169 0.00153497
-0.243479 -0.485325 0.1695 0.00153486
-0.243479 -0.485325 0.17 0.00153486
-0.243479 -0.485325 0.1705 0.00153486
-0.243479 -0.485325 0.171 0.00153486
-0.243479 -0.485325 0.1715 0.00153486
-0.243479 -0.485325 0.172 0.00153486
-0.243479 -0.485325 0.1725 0.00153486
-0.243245 -0.485402 0.173 0.00153518
-0.243011 -0.485478 0.1735 0.0015355
-0.242777 -0.485555 0.174 0.00153582
-0.242542 -0.485631 0.1745 0.00153614
-0.242308 -0.485708 0.175 0.00153647
-0.242074 -0.485785 0.1755 0.00153679
-0.242074 -0.485785 0.176 0.00153903
-0.242074 -0.485785 0.1765 0.00154127
-0.242074 -0.485785 0.177 0.00154351
-0.242074 -0.485785 0.1775 0.00154351
-0.242074 -0.485785 0.178 0.00154351
-0.242074 -0.485785 0.1785 0.00154351
-0.242074 -0.485785 0.179 0.00154351
-0.242074 -0.485785 0.1795 0.00154351
-0.242074 -0.485785 0.18 0.00154351
-0.242074 -0.485785 0.1805 0.00154351
-0.242074 -0.485785 0.181 0.00154351
-0.242074 -0.485785 0.1815 0.00154351
-0.242074 -0.485785 0.182 0.00154351
-0.242074 -0.485785 0.1825 0.00154351
-0.242074 -0.485785 0.183 0.00154351
-0.242074 -0.485785 0.1835 0.00154351
-0.242074 -0.485785 0.184 0.00154351
-0.242074 -0.485785 0.1845 0.00154351
-0.242074 -0.485785 0.185 0.00154351
-0.242074 -0.485785 0.1855 0.00154351
-0.242074 -0.485785 0.186 0.00154351
-0.242324 -0.485799 0.1865 0.00154363
-0.242569 -0.485813 0.187 0.00154375
-0.242819 -0.485827 0.1875 0.00154387
-0.242569 -0.485813 0.188 0.00154375
-0.242324 -0.485799 0.1885 0.00154363
-0.242074 -0.485785 0.189 0.00154351
-0.242558 -0.485722 0.1895 0.00154107
-0.243037 -0.485659 0.19 0.00153862
-0.243521 -0.485595 0.1905 0.00153618
-0.243521 -0.485595 0.191 0.00153394
-0.243521 -0.485595 0.1915 0.0015317
-0.243521 -0.485595 0.192 0.00152946
-0.243521 -0.485595 0.1925 0.00152946
-0.243521 -0.485595 0.193 0.00152946
-0.243521 -0.485595 0.1935 0.00152946
-0.243707 -0.486002 0.194 0.00153147
-0.24389 -0.486407 0.1945 0.00153349
-0.244077 -0.486813 0.195 0.0015355
-0.244559 -0.486749 0.1955 0.00153306
-0.245038 -0.486685 0.196 0.00153062
-0.24552 -0.486621 0.1965 0.00152817
-0.245753 -0.486544 0.197 0.00152561
-0.245986 -0.486466 0.1975 0.00152305
-0.24622 -0.486389 0.198 0.00152049
-0.24622 -0.486389 0.1985 0.00152049
-0.24622 -0.486389 0.199 0.00152049
-0.24622 -0.486389 0.1995 0.00152049
-0.24622 -0.486389 0.2 0.00152049
-0.24622 -0.486389 0.2005 0.00152049
-0.24622 -0.486389 0.201 0.00152049
-0.24622 -0.486389 0.2015 0.00152049
-0.24622 -0.486389 0.202 0.00152049
-0.24622 -0.486389 0.2025 0.00152049
-0.24622 -0.486389 0.203 0.00151825
-0.24622 -0.486389 0.2035 0.00151601
-0.24622 -0.486389 0.204 0.00151378
-0.246157 -0.486781 0.2045 0.00151344
-0.246094 -0.487171 0.205 0.0015131
-0.24603 -0.487562 0.2055 0.00151275
-0.245967 -0.487953 0.206 0.00151465
-0.245904 -0.488343 0.2065 0.00151654
-0.245841 -0.488733 0.207 0.00151843
-0.245841 -0.488733 0.2075 0.00151843
-0.245841 -0.488733 0.208 0.00151843
-0.245841 -0.488733 0.2085 0.00151843
-0.246074 -0.488655 0.209 0.00151811
-0.246307 -0.488578 0.2095 0.00151778
-0.24654 -0.488501 0.21 0.00151746
-0.246773 -0.488424 0.2105 0.00151714
-0.247005 -0.488348 0.211 0.00151682
-0.247238 -0.488271 0.2115 0.00151649
-0.247238 -0.488271 0.212 0.00151426
-0.247238 -0.488271 0.2125 0.00151203
-0.247238 -0.488271 0.213 0.0015098
-0.247486 -0.488283 0.2135 0.00150768
-0.24773 -0.488296 0.214 0.00150557
-0.247978 -0.488308 0.2145 0.00150345
-0.247978 -0.488308 0.215 0.00150345
-0.247978 -0.488308 0.2155 0.00150345
-0.247978 -0.488308 0.216 0.00150345
-0.247978 -0.488308 0.2165 0.00150345
-0.247978 -0.488308 0.217 0.00150345
-0.247978 -0.488308 0.2175 0.00150345
-0.247978 -0.488308 0.218 0.00150345
-0.247978 -0.488308 0.2185 0.00150345
-0.247978 -0.488308 0.219 0.00150345
-0.247978 -0.488308 0.2195 0.00150345
-0.247978 -0.488308 0.22 0.00150345
-0.247978 -0.488308 0.2205 0.00150345
-0.247978 -0.488308 0.221 0.00150345
-0.247978 -0.488308 0.2215 0.00150345
-0.247978 -0.488308 0.222 0.00150345
-0.247978 -0.488308 0.2225 0.00150345
-0.247978 -0.488308 0.223 0.00150345
-0.247978 -0.488308 0.2235 0.00150345
-0.247978 -0.488308 0.224 0.00150345
-0.247978 -0.488308 0.2245 0.00150345
-0.247978 -0.488308 0.225 0.00150345
-0.247978 -0.488308 0.2255 0.00150345
-0.247978 -0.488308 0.226 0.00150345
-0.247978 -0.488308 0.2265 0.00150345
-0.247978 -0.488308 0.227 0.00150345
-0.247978 -0.488308 0.2275 0.00150345
-0.247978 -0.488308 0.228 0.00150345
-0.247745 -0.488385 0.2285 0.00150378
-0.247512 -0.488462 0.229 0.0015041
-0.24728 -0.48854 0.2295 0.00150442
-0.247512 -0.488462 0.23 0.0015041
-0.247745 -0.488385 0.2305 0.00150378
-0.247978 -0.488308 0.231 0.00150345
-0.247745 -0.488385 0.2315 0.00150601
-0.247512 -0.488462 0.232 0.00150856
-0.24728 -0.48854 0.2325 0.00151112
-0.24728 -0.48854 0.233 0.00150889
-0.24728 -0.48854 0.2335 0.00150666
-0.24728 -0.48854 0.234 0.00150442
-0.24728 -0.48854 0.2345 0.00150666
-0.24728 -0.48854 0.235 0.00150889
-0.24728 -0.48854 0.2355 0.00151112
-0.247047 -0.488617 0.236 0.00151144
-0.246814 -0.488694 0.2365 0.00151177
-0.246581 -0.488772 0.237 0.00151209
-0.246348 -0.48885 0.2375 0.00151242
-0.246116 -0.488927 0.238 0.00151275
-0.245883 -0.489005 0.2385 0.00151307
-0.245883 -0.489005 0.239 0.00151307
-0.245883 -0.489005 0.2395 0.00151307
-0.245883 -0.489005 0.24 0.00151307
-0.245401 -0.489069 0.2405 0.00151328
-0.244924 -0.489133 0.241 0.00151348
-0.244442 -0.489197 0.2415 0.00151368
-0.243727 -0.489339 0.242 0.00151421
-0.243015 -0.489481 0.2425 0.00151475
-0.242299 -0.489622 0.243 0.00151527
-0.242314 -0.489715 0.2435 0.00151573
-0.242326 -0.489807 0.244 0.00151619
-0.242341 -0.489901 0.2445 0.00151665
-0.242092 -0.489886 0.245 0.00151652
-0.241847 -0.489871 0.2455 0.00151639
-0.241598 -0.489856 0.246 0.00151626
-0.241675 -0.48956 0.2465 0.00151483
-0.24175 -0.489263 0.247 0.00151339
-0.241828 -0.488967 0.2475 0.00151196
-0.241344 -0.48903 0.248 0.00151216
-0.240865 -0.489094 0.2485 0.00151236
-0.240381 -0.489157 0.249 0.00151257
-0.240146 -0.489236 0.2495 0.0015129
-0.239912 -0.489314 0.25 0.00151323
-0.239678 -0.489393 0.2505 0.00151357
-0.239443 -0.489473 0.251 0.0015139
-0.239209 -0.489552 0.2515 0.00151423
-0.238975 -0.489631 0.252 0.00151457
-0.238975 -0.489631 0.2525 0.00151457
-0.238975 -0.489631 0.253 0.00151457
-0.238975 -0.489631 0.2535 0.00151457
-0.23874 -0.48971 0.254 0.00151491
-0.238506 -0.48979 0.2545 0.00151524
-0.238271 -0.489869 0.255 0.00151558
-0.238036 -0.489949 0.2555 0.00151592
-0.237802 -0.490029 0.256 0.00151625
-0.237567 -0.490108 0.2565 0.00151659
-0.237567 -0.490108 0.257 0.00151659
-0.237567 -0.490108 0.2575 0.00151659
-0.237567 -0.490108 0.258 0.00151659
-0.237567 -0.490108 0.2585 0.00151659
-0.237567 -0.490108 0.259 0.00151659
-0.237567 -0.490108 0.2595 0.00151659
-0.237567 -0.490108 0.26 0.00151659
-0.237567 -0.490108 0.2605 0.00151659
-0.237567 -0.490108 0.261 0.00151659
-0.237505 -0.490499 0.2615 0.00151849
-0.237444 -0.490889 0.262 0.00152038
-0.237382 -0.491279 0.2625 0.00152228
-0.237382 -0.491279 0.263 0.00152228
-0.237382 -0.491279 0.2635 0.00152228
-0.237382 -0.491279 0.264 0.00152228
-0.237382 -0.491279 0.2645 0.00152228
-0.237382 -0.491279 0.265 0.00152228
-0.237382 -0.491279 0.2655 0.00152228
-0.237555 -0.491588 0.266 0.00152383
-0.237727 -0.491898 0.2665 0.00152538
-0.2379 -0.492207 0.267 0.00152694
-0.237838 -0.492596 0.2675 0.00152883
-0.237776 -0.492984 0.268 0.00153071
-0.237714 -0.493372 0.2685 0.0015326
-0.237948 -0.493292 0.269 0.00153226
-0.238182 -0.493213 0.2695 0.00153192
-0.238417 -0.493133 0.27 0.00153159
-0.238651 -0.493054 0.2705 0.00153125
-0.238885 -0.492975 0.271 0.00153092
-0.239119 -0.492896 0.2715 0.00153058
-0.239353 -0.492817 0.272 0.00153025
-0.239587 -0.492738 0.2725 0.00152991
-0.239821 -0.492659 0.273 0.00152958
-0.240303 -0.492596 0.2735 0.00152938
-0.240782 -0.492533 0.274 0.00152918
-0.241265 -0.492469 0.2745 0.00152897
-0.241249 -0.492375 0.275 0.00152851
-0.241238 -0.492282 0.2755 0.00152805
-0.241223 -0.492189 0.276 0.00152759
-0.241876 -0.492435 0.2765 0.00152895
-0.242524 -0.49268 0.277 0.00153029
-0.243176 -0.492925 0.2775 0.00153164
-0.243098 -0.49322 0.278 0.00153307
-0.243024 -0.493515 0.2785 0.0015345
-0.242946 -0.493811 0.279 0.00153593
-0.243194 -0.493824 0.2795 0.00153605
-0.243438 -0.493838 0.28 0.00153617
-0.243685 -0.493851 0.2805 0.00153629
-0.243918 -0.493773 0.281 0.00153819
-0.244151 -0.493696 0.2815 0.00154009
-0.244384 -0.493618 0.282 0.00154199
-0.244849 -0.493464 0.2825 0.00154357
-0.245314 -0.493309 0.283 0.00154514
-0.245779 -0.493155 0.2835 0.00154672
-0.246011 -0.493079 0.284 0.00154417
-0.246244 -0.493002 0.2845 0.00154163
-0.246476 -0.492925 0.285 0.00153908
-0.246476 -0.492925 0.2855 0.00154131
-0.246476 -0.492925 0.286 0.00154353
-0.246476 -0.492925 0.2865 0.00154576
-0.246708 -0.492849 0.287 0.00154321
-0.24694 -0.492772 0.2875 0.00154066
-0.247173 -0.492696 0.288 0.00153812
-0.247405 -0.492619 0.2885 0.00154002
-0.247637 -0.492543 0.289 0.00154193
-0.247869 -0.492467 0.2895 0.00154383
-0.247869 -0.492467 0.29 0.00154383
-0.247869 -0.492467 0.2905 0.00154383
-0.247869 -0.492467 0.291 0.00154383
-0.248101 -0.492391 0.2915 0.00154352
-0.248333 -0.492315 0.292 0.0015432
-0.248565 -0.492239 0.2925 0.00154288
-0.248797 -0.492163 0.293 0.00154256
-0.249028 -0.492088 0.2935 0.00154225
-0.24926 -0.492012 0.294 0.00154193
-0.24926 -0.492012 0.2945 0.00154193
-0.24926 -0.492012 0.295 0.00154193
-0.24926 -0.492012 0.2955 0.00154193
-0.24926 -0.492012 0.296 0.00154193
-0.24926 -0.492012 0.2965 0.00154193
-0.24926 -0.492012 0.297 0.00154193
-0.24926 -0.492012 0.2975 0.00154193
-0.24926 -0.492012 0.298 0.00154193
-0.24926 -0.492012 0.2985 0.00154193
-0.249324 -0.491626 0.299 0.00154228
-0.249388 -0.49124 0.2995 0.00154263
-0.249452 -0.490853 0.3 0.00154299
-0.249452 -0.490853 0.3005 0.00154522
-0.249452 -0.490853 0.301 0.00154744
-0.249452 -0.490853 0.3015 0.00154967
-0.249516 -0.490465 0.302 0.00154779
-0.24958 -0.490078 0.3025 0.00154592
-0.249644 -0.48969 0.303 0.00154404
-0.249476 -0.489378 0.3035 0.00154025
-0.249308 -0.489066 0.304 0.00153646
-0.24914 -0.488753 0.3045 0.00153267
-0.249372 -0.488677 0.305 0.00153458
-0.249604 -0.488601 0.3055 0.00153649
-0.249836 -0.488525 0.306 0.00153841
-0.249668 -0.488212 0.3065 0.00153461
-0.249499 -0.487899 0.307 0.00153082
-0.249331 -0.487585 0.3075 0.00152702
-0.249395 -0.487195 0.308 0.00152736
-0.249458 -0.486805 0.3085 0.00152771
-0.249522 -0.486414 0.309 0.00152805
-0.249289 -0.48649 0.3095 0.00152614
-0.249057 -0.486566 0.31 0.00152422
-0.248824 -0.486642 0.3105 0.00152231
-0.248408 -0.486316 0.311 0.00152062
-0.247994 -0.48599 0.3115 0.00151894
-0.247576 -0.485662 0.312 0.00151725
-0.247825 -0.485674 0.3125 0.00151736
-0.248069 -0.485686 0.313 0.00151747
-0.248317 -0.485698 0.3135 0.00151759
-0.248317 -0.485698 0.314 0.00151759
-0.248317 -0.485698 0.3145 0.00151759
-0.248317 -0.485698 0.315 0.00151759
-0.248317 -0.485698 0.3155 0.00151759
-0.248317 -0.485698 0.316 0.00151759
-0.248317 -0.485698 0.3165 0.00151759
-0.248317 -0.485698 0.317 0.00151759
-0.248317 -0.485698 0.3175 0.00151759
-0.248317 -0.485698 0.318 0.00151759
-0.248317 -0.485698 0.3185 0.00151759
-0.248317 -0.485698 0.319 0.00151759
-0.248317 -0.485698 0.3195 0.00151759
-0.248317 -0.485698 0.32 0.00151759
-0.248317 -0.485698 0.3205 0.00151759
-0.248317 -0.485698 0.321 0.00151759
-0.248317 -0.485698 0.3215 0.00151759
-0.248317 -0.485698 0.322 0.00151759
-0.248317 -0.485698 0.3225 0.00151759
-0.248317 -0.485698 0.323 0.00151759
-0.248317 -0.485698 0.3235 0.00151759
-0.248317 -0.485698 0.324 0.00151759
-0.248317 -0.485698 0.3245 0.00151759
-0.248317 -0.485698 0.325 0.00151759
-0.248317 -0.485698 0.3255 0.00151759
-0.248317 -0.485698 0.326 0.00151982
-0.248317 -0.485698 0.3265 0.00152206
-0.248317 -0.485698 0.327 0.00152429
-0.248317 -0.485698 0.3275 0.00152429
-0.248317 -0.485698 0.328 0.00152429
-0.248317 -0.485698 0.3285 0.00152429
-0.24838 -0.485306 0.329 0.0015224
-0.248444 -0.484915 0.3295 0.00152051
-0.248507 -0.484522 0.33 0.00151861
-0.248571 -0.484129 0.3305 0.00151671
-0.248634 -0.483737 0.331 0.00151482
-0.248697 -0.483344 0.3315 0.00151292
-0.248761 -0.48295 0.332 0.00151326
-0.248824 -0.482557 0.3325 0.00151359
-0.248887 -0.482162 0.333 0.00151393
-0.248717 -0.481844 0.3335 0.00151459
-0.248547 -0.481526 0.334 0.00151525
-0.248377 -0.481208 0.3345 0.00151591
-0.248206 -0.480889 0.335 0.00151432
-0.248036 -0.480571 0.3355 0.00151274
-0.247865 -0.480251 0.336 0.00151115
-0.247679 -0.479842 0.3365 0.00150913
-0.247496 -0.479433 0.337 0.0015071
-0.247309 -0.479023 0.3375 0.00150507
-0.247387 -0.478715 0.338 0.0015036
-0.247462 -0.478408 0.3385 0.00150212
-0.247541 -0.478101 0.339 0.00150065
-0.247354 -0.477689 0.3395 0.00149861
-0.24717 -0.477278 0.34 0.00149657
-0.246982 -0.476865 0.3405 0.00149453
-0.247295 -0.476479 0.341 0.00149273
-0.247604 -0.476094 0.3415 0.00149093
-0.247917 -0.475708 0.342 0.00148912
-0.247667 -0.475694 0.3425 0.001489
-0.24742 -0.475681 0.343 0.00148888
-0.24717 -0.475667 0.3435 0.00148876
-0.24742 -0.475681 0.344 0.00148888
-0.247667 -0.475694 0.3445 0.001489
-0.247917 -0.475708 0.345 0.00148912
-0.247667 -0.475694 0.3455 0.001489
-0.24742 -0.475681 0.346 0.00148888
-0.24717 -0.475667 0.3465 0.00148876
-0.24742 -0.475681 0.347 0.00148888
-0.247667 -0.475694 0.3475 0.001489
-0.247917 -0.475708 0.348 0.00148912
-0.248089 -0.47603 0.3485 0.00149072
-0.24826 -0.476352 0.349 0.00149232
-0.248431 -0.476674 0.3495 0.00149392
-0.248665 -0.476598 0.35 0.0014936
-0.248899 -0.476521 0.3505 0.00149328
-0.249133 -0.476444 0.351 0.00149296
-0.249133 -0.476444 0.3515 0.00149296
-0.249133 -0.476444 0.352 0.00149296
-0.249133 -0.476444 0.3525 0.00149296
-0.249367 -0.476367 0.353 0.00149263
-0.2496 -0.476291 0.3535 0.00149231
-0.249834 -0.476215 0.354 0.00149199
-0.250005 -0.476537 0.3545 0.0014936
-0.250175 -0.476859 0.355 0.00149519
-0.250346 -0.477181 0.3555 0.00149679
-0.250595 -0.477193 0.356 0.00149916
-0.25084 -0.477205 0.3565 0.00150151
-0.25109 -0.477217 0.357 0.00150387
-0.251323 -0.477141 0.3575 0.0015058
-0.251556 -0.477064 0.358 0.00150773
-0.251789 -0.476988 0.3585 0.00150965
-0.252022 -0.476912 0.359 0.00150934
-0.252255 -0.476836 0.3595 0.00150902
-0.252488 -0.47676 0.36 0.0015087
-0.252488 -0.47676 0.3605 0.00151095
-0.252488 -0.47676 0.361 0.00151319
-0.252488 -0.47676 0.3615 0.00151544
-0.252552 -0.476362 0.362 0.00151577
-0.252615 -0.475964 0.3625 0.00151611
-0.252679 -0.475565 0.363 0.00151644
-0.252509 -0.475242 0.3635 0.0015171
-0.25234 -0.474919 0.364 0.00151775
-0.25217 -0.474596 0.3645 0.0015184
-0.251984 -0.474184 0.365 0.00151863
-0.251801 -0.473772 0.3655 0.00151885
-0.251614 -0.47336 0.366 0.00151908
-0.251428 -0.472947 0.3665 0.00151705
-0.251244 -0.472535 0.367 0.00151503
-0.251057 -0.472121 0.3675 0.001513
-0.250886 -0.471795 0.368 0.00151139
-0.250715 -0.471469 0.3685 0.00150978
-0.250544 -0.471142 0.369 0.00150817
-0.250372 -0.470815 0.3695 0.00150656
-0.2502 -0.470488 0.37 0.00150495
-0.250029 -0.47016 0.3705 0.00150334
-0.250091 -0.469756 0.371 0.00150141
-0.250153 -0.469353 0.3715 0.00149948
-0.250216 -0.468949 0.372 0.00149754
-0.249793 -0.468607 0.3725 0.00149807
-0.249373 -0.468266 0.373 0.00149861
-0.248949 -0.467924 0.3735 0.00149914
-0.248524 -0.467581 0.374 0.00149967
-0.248103 -0.467238 0.3745 0.0015002
-0.247678 -0.466894 0.375 0.00150073
-0.247504 -0.466563 0.3755 0.00149911
-0.24733 -0.466233 0.376 0.00149749
-0.247156 -0.465901 0.3765 0.00149586
-0.246982 -0.46557 0.377 0.00149423
-0.246808 -0.465239 0.3775 0.00149261
-0.246633 -0.464907 0.378 0.00149098
-0.246695 -0.464498 0.3785 0.00148903
-0.246756 -0.46409 0.379 0.00148708
-0.246817 -0.463681 0.3795 0.00148513
-0.246643 -0.463347 0.38 0.0014835
-0.246468 -0.463014 0.3805 0.00148186
-0.246293 -0.462681 0.381 0.00148023
-0.246118 -0.462347 0.3815 0.00147859
-0.245943 -0.462013 0.382 0.00147696
-0.245767 -0.461679 0.3825 0.00147532
-0.245767 -0.461679 0.383 0.00147532
-0.245767 -0.461679 0.3835 0.00147532
-0.245767 -0.461679 0.384 0.00147532
-0.245828 -0.461268 0.3845 0.00147563
-0.245889 -0.460857 0.385 0.00147595
-0.24595 -0.460445 0.3855 0.00147626
-0.246011 -0.460032 0.386 0.00147657
-0.246072 -0.45962 0.3865 0.00147688
-0.246133 -0.459207 0.387 0.0014772
-0.246369 -0.459131 0.3875 0.00147687
-0.246606 -0.459054 0.388 0.00147655
-0.246842 -0.458978 0.3885 0.00147623
-0.246903 -0.458564 0.389 0.00147426
-0.246964 -0.458151 0.3895 0.0014723
-0.247025 -0.457738 0.39 0.00147033
-0.247086 -0.457323 0.3905 0.00147064
-0.247147 -0.45691 0.391 0.00147095
-0.247207 -0.456495 0.3915 0.00147126
-0.247698 -0.456433 0.392 0.00147334
-0.248185 -0.456371 0.3925 0.00147541
-0.248676 -0.456309 0.393 0.00147748
-0.248894 -0.456142 0.3935 0.00147673
-0.249117 -0.455976 0.394 0.00147598
-0.249336 -0.455811 0.3945 0.00147523
-0.249826 -0.455749 0.395 0.00147502
-0.250311 -0.455687 0.3955 0.00147482
-0.250801 -0.455625 0.396 0.00147461
-0.250547 -0.455611 0.3965 0.0014745
-0.250298 -0.455598 0.397 0.00147439
-0.250044 -0.455585 0.3975 0.00147428
-0.250298 -0.455598 0.398 0.00147439
-0.250547 -0.455611 0.3985 0.0014745
-0.250801 -0.455625 0.399 0.00147461
-0.250311 -0.455687 0.3995 0.00147482
-0.249826 -0.455749 0.4 0.00147502
-0.249336 -0.455811 0.4005 0.00147523
-0.249336 -0.455811 0.401 0.00147295
-0.249336 -0.455811 0.4015 0.00147067
-0.249336 -0.455811 0.402 0.00146839
-0.249397 -0.455396 0.4025 0.0014687
-0.249458 -0.454982 0.403 0.00146901
-0.249519 -0.454566 0.4035 0.00146932
-0.249343 -0.454226 0.404 0.00146538
-0.249168 -0.453885 0.4045 0.00146144
-0.248992 -0.453545 0.405 0.00145749
-0.248755 -0.45362 0.4055 0.0014601
-0.248519 -0.453696 0.406 0.00146269
-0.248282 -0.453772 0.4065 0.0014653
-0.248343 -0.453355 0.407 0.00146103
-0.248404 -0.452939 0.4075 0.00145677
-0.248464 -0.452521 0.408 0.0014525
-0.248525 -0.452103 0.4085 0.00145281
-0.248586 -0.451686 0.409 0.00145311
-0.248646 -0.451267 0.4095 0.00145341
-0.248707 -0.450848 0.41 0.00145142
-0.248767 -0.45043 0.4105 0.00144944
-0.248828 -0.450011 0.411 0.00144745
-0.248888 -0.449591 0.4115 0.00144546
-0.248949 -0.449171 0.412 0.00144347
-0.249009 -0.448751 0.4125 0.00144147
-0.249325 -0.448345 0.413 0.0014396
-0.249637 -0.447939 0.4135 0.00143772
-0.249954 -0.447533 0.414 0.00143584
-0.249996 -0.44702 0.4145 0.0014334
-0.250041 -0.446509 0.415 0.00143098
-0.250084 -0.445997 0.4155 0.00142854
-0.2504 -0.445588 0.416 0.00142895
-0.250712 -0.44518 0.4165 0.00142935
-0.251028 -0.444772 0.417 0.00142976
-0.251089 -0.444348 0.4175 0.00143005
-0.251149 -0.443925 0.418 0.00143034
-0.25121 -0.443501 0.4185 0.00143063
-0.251447 -0.443426 0.419 0.00143032
-0.251684 -0.44335 0.4195 0.00143
-0.251921 -0.443274 0.42 0.00142968
-0.252395 -0.443123 0.4205 0.00142905
-0.252869 -0.442973 0.421 0.00142842
-0.253343 -0.442823 0.4215 0.00142779
-0.25358 -0.442748 0.422 0.00142748
-0.253816 -0.442673 0.4225 0.00142717
-0.254053 -0.442598 0.423 0.00142686
-0.254053 -0.442598 0.4235 0.00142686
-0.254053 -0.442598 0.424 0.00142686
-0.254053 -0.442598 0.4245 0.00142686
-0.254053 -0.442598 0.425 0.00142915
-0.254053 -0.442598 0.4255 0.00143145
-0.254053 -0.442598 0.426 0.00143374
-0.254053 -0.442598 0.4265 0.00143604
-0.254053 -0.442598 0.427 0.00143833
-0.254053 -0.442598 0.4275 0.00144062
-0.254369 -0.442187 0.428 0.00143873
-0.254681 -0.441776 0.4285 0.00143683
-0.254998 -0.441365 0.429 0.00143494
-0.255295 -0.440865 0.4295 0.00143492
-0.255592 -0.440365 0.43 0.00143489
-0.25589 -0.439865 0.4305 0.00143487
-0.256188 -0.439364 0.431 0.00143485
-0.256485 -0.438864 0.4315 0.00143483
-0.256782 -0.438363 0.432 0.00143481
-0.256668 -0.437585 0.4325 0.0014311
-0.256553 -0.436804 0.433 0.00142738
-0.256438 -0.436022 0.4335 0.00142366
-0.256498 -0.435594 0.434 0.00142395
-0.256559 -0.435165 0.4345 0.00142423
-0.25662 -0.434736 0.435 0.00142451
-0.256187 -0.434368 0.4355 0.001425
-0.255758 -0.434 0.436 0.00142549
-0.255324 -0.433631 0.4365 0.00142598
-0.25495 -0.432831 0.437 0.00142214
-0.25458 -0.432029 0.4375 0.00141829
-0.254205 -0.431226 0.438 0.00141443
-0.254265 -0.430793 0.4385 0.0014124
-0.254324 -0.430361 0.439 0.00141037
-0.254384 -0.429928 0.4395 0.00140834
-0.254444 -0.429494 0.44 0.0014063
-0.254503 -0.429061 0.4405 0.00140427
-0.254563 -0.428627 0.441 0.00140223
-0.254384 -0.428267 0.4415 0.0014005
-0.254206 -0.427907 0.442 0.00139877
-0.254027 -0.427546 0.4425 0.00139704
-0.25353 -0.427606 0.443 0.00139724
-0.253038 -0.427666 0.4435 0.00139744
-0.252541 -0.427726 0.444 0.00139764
-0.252282 -0.427712 0.4445 0.00139753
-0.252028 -0.427698 0.445 0.00139742
-0.251769 -0.427684 0.4455 0.00139731
-0.251789 -0.427772 0.446 0.00139773
-0.251805 -0.42786 0.4465 0.00139815
-0.251825 -0.427949 0.447 0.00139857
-0.251386 -0.427574 0.4475 0.00139672
-0.250951 -0.427198 0.448 0.00139488
-0.250512 -0.426821 0.4485 0.00139303
-0.251069 -0.426325 0.449 0.00139078
-0.251621 -0.425829 0.4495 0.00138854
-0.252178 -0.425332 0.45 0.00138628
-0.252237 -0.424895 0.4505 0.00138655
-0.252296 -0.424458 0.451 0.00138682
-0.252355 -0.42402 0.4515 0.00138709
-0.252531 -0.422704 0.452 0.00138556
-0.252707 -0.421386 0.4525 0.00138403
-0.252882 -0.420065 0.453 0.0013825
-0.253297 -0.418667 0.4535 0.00137832
-0.253711 -0.417267 0.454 0.00137414
-0.254125 -0.415864 0.4545 0.00136994
-0.2543 -0.414532 0.455 0.00136372
-0.254474 -0.413197 0.4555 0.00135749
-0.254648 -0.411859 0.456 0.00135124
-0.254648 -0.411859 0.4565 0.0013489
-0.254648 -0.411859 0.457 0.00134657
-0.254648 -0.411859 0.4575 0.00134424
-0.25459 -0.412306 0.458 0.00134632
-0.254532 -0.412751 0.4585 0.0013484
-0.254474 -0.413197 0.459 0.00135049
-0.254177 -0.413716 0.4595 0.00135054
-0.253879 -0.414234 0.46 0.0013506
-0.253581 -0.414753 0.4605 0.00135066
-0.253465 -0.415641 0.461 0.00135248
-0.253349 -0.416529 0.4615 0.00135431
-0.253232 -0.417415 0.462 0.00135613
-0.253174 -0.417857 0.4625 0.0013582
-0.253116 -0.418299 0.463 0.00136027
-0.253057 -0.418741 0.4635 0.00136234
-0.252999 -0.419183 0.464 0.00136441
-0.252941 -0.419624 0.4645 0.00136648
-0.252882 -0.420065 0.465 0.00136855
-0.252824 -0.420506 0.4655 0.00137061
-0.252765 -0.420946 0.466 0.00137267
-0.252707 -0.421386 0.4665 0.00137474
-0.253147 -0.421767 0.467 0.0013766
-0.253582 -0.422146 0.4675 0.00137846
-0.254022 -0.422525 0.468 0.00138032
-0.254699 -0.42283 0.4685 0.00138187
-0.255372 -0.423133 0.469 0.00138341
-0.256047 -0.423437 0.4695 0.00138495
-0.256286 -0.423363 0.47 0.00138464
-0.256524 -0.423289 0.4705 0.00138433
-0.256762 -0.423215 0.471 0.00138403
-0.256762 -0.423215 0.4715 0.00138635
-0.256762 -0.423215 0.472 0.00138866
-0.256762 -0.423215 0.4725 0.00139098
-0.257 -0.423141 0.473 0.00139067
-0.257238 -0.423067 0.4735 0.00139036
-0.257476 -0.422994 0.474 0.00139006
-0.257773 -0.422482 0.4745 0.00139002
-0.258071 -0.421971 0.475 0.00138998
-0.258368 -0.421459 0.4755 0.00138994
-0.257991 -0.420642 0.476 0.00139068
-0.257617 -0.419823 0.4765 0.00139141
-0.257239 -0.419003 0.477 0.00139215
-0.257416 -0.41768 0.4775 0.0013883
-0.257593 -0.416355 0.478 0.00138443
-0.25777 -0.415027 0.4785 0.00138056
-0.257707 -0.413768 0.479 0.00137466
-0.257644 -0.412507 0.4795 0.00136874
-0.25758 -0.411243 0.48 0.00136281
-0.256959 -0.410483 0.4805 0.00135915
-0.256339 -0.40972 0.481 0.00135549
-0.255715 -0.408956 0.4815 0.00135182
-0.255272 -0.408567 0.482 0.00134992
-0.254832 -0.408177 0.4825 0.00134803
-0.254388 -0.407786 0.483 0.00134614
-0.254205 -0.407409 0.4835 0.001342
-0.254022 -0.407033 0.484 0.00133788
-0.253839 -0.406656 0.4845 0.00133374
-0.253541 -0.407179 0.485 0.00133614
-0.253244 -0.407702 0.4855 0.00133854
-0.252946 -0.408225 0.486 0.00134095
-0.252889 -0.408674 0.4865 0.0013407
-0.252832 -0.409122 0.487 0.00134046
-0.252774 -0.409571 0.4875 0.00134021
-0.253161 -0.410409 0.488 0.00133953
-0.253543 -0.411245 0.4885 0.00133884
-0.253929 -0.41208 0.489 0.00133815
-0.25337 -0.412585 0.4895 0.00134044
-0.252816 -0.413089 0.49 0.00134272
-0.252257 -0.413594 0.4905 0.001345
-0.2527 -0.413981 0.491 0.00134689
-0.253139 -0.414367 0.4915 0.00134877
-0.253581 -0.414753 0.492 0.00135066
-0.253523 -0.415197 0.4925 0.00135274
-0.253465 -0.415641 0.493 0.00135481
-0.253407 -0.416085 0.4935 0.00135689
-0.253465 -0.415641 0.494 0.00135714
-0.253523 -0.415197 0.4945 0.0013574
-0.253581 -0.414753 0.495 0.00135765
-0.253639 -0.414308 0.4955 0.00136023
-0.253697 -0.413863 0.496 0.00136282
-0.253755 -0.413418 0.4965 0.00136541
-0.253668 -0.412065 0.497 0.00136139
-0.253584 -0.41071 0.4975 0.00135736
-0.253495 -0.409351 0.498 0.00135332
-0.253667 -0.408005 0.4985 0.00134939
-0.253839 -0.406656 0.499 0.00134544
-0.254011 -0.405304 0.4995 0.00134149
-0.253941 -0.404022 0.5 0.00133784
-0.253872 -0.402737 0.5005 0.00133417
-0.253801 -0.40145 0.501 0.0013305
-0.253914 -0.400542 0.5015 0.00132627
-0.254028 -0.399631 0.502 0.00132204
-0.254141 -0.398721 0.5025 0.00131781
-0.253934 -0.398249 0.503 0.00131558
-0.253731 -0.397778 0.5035 0.00131335
-0.253523 -0.397306 0.504 0.00131112
-0.253338 -0.396921 0.5045 0.00130929
-0.253153 -0.396536 0.505 0.00130747
-0.252967 -0.396151 0.5055 0.00130565
-0.252967 -0.396151 0.506 0.00130565
-0.252967 -0.396151 0.5065 0.00130565
-0.252967 -0.396151 0.507 0.00130565
-0.252967 -0.396151 0.5075 0.00130565
-0.252967 -0.396151 0.508 0.00130565
-0.252967 -0.396151 0.5085 0.00130565
-0.253209 -0.396079 0.509 0.00130535
-0.25345 -0.396006 0.5095 0.00130504
-0.253692 -0.395934 0.51 0.00130474
-0.254382 -0.396263 0.5105 0.00130638
-0.255068 -0.39659 0.511 0.001308
-0.255756 -0.396917 0.5115 0.00130963
-0.25626 -0.39686 0.512 0.00131179
-0.25676 -0.396802 0.5125 0.00131395
-0.257263 -0.396745 0.513 0.0013161
-0.257057 -0.396273 0.5135 0.00131623
-0.256855 -0.395803 0.514 0.00131636
-0.256648 -0.395331 0.5145 0.00131648
-0.256705 -0.394873 0.515 0.00131436
-0.256761 -0.394416 0.5155 0.00131224
-0.256818 -0.393957 0.516 0.00131011
-0.256689 -0.393112 0.5165 0.00130851
-0.256561 -0.392264 0.517 0.00130691
-0.256432 -0.391416 0.5175 0.0013053
-0.256522 -0.390409 0.518 0.00130535
-0.256615 -0.389401 0.5185 0.0013054
-0.256704 -0.388392 0.519 0.00130545
-0.256123 -0.387132 0.5195 0.00130188
-0.255545 -0.385869 0.52 0.0012983
-0.254961 -0.384602 0.5205 0.00129472
-0.254829 -0.383742 0.521 0.00129072
-0.254696 -0.38288 0.5215 0.00128671
-0.254563 -0.382018 0.522 0.00128269
-0.254672 -0.381084 0.5225 0.00127838
-0.254782 -0.380147 0.523 0.00127405
-0.254891 -0.379211 0.5235 0.00126973
-0.255157 -0.379226 0.524 0.00126984
-0.255419 -0.379241 0.5245 0.00126994
-0.255685 -0.379257 0.525 0.00127005
-0.255364 -0.37971 0.5255 0.00126973
-0.255048 -0.380163 0.526 0.00126942
-0.254727 -0.380616 0.5265 0.0012691
-0.254938 -0.381099 0.527 0.00127137
-0.255146 -0.381581 0.5275 0.00127364
-0.255356 -0.382064 0.528 0.0012759
-0.254739 -0.383053 0.5285 0.00127804
-0.254125 -0.384041 0.529 0.00128017
-0.253507 -0.385028 0.5295 0.0012823
-0.25342 -0.386045 0.53 0.00128228
-0.253329 -0.387061 0.5305 0.00128225
-0.253242 -0.388077 0.531 0.00128224
-0.253076 -0.389466 0.5315 0.00128631
-0.25291 -0.390852 0.532 0.00129038
-0.252744 -0.392236 0.5325 0.00129444
-0.252633 -0.393156 0.533 0.00129871
-0.252521 -0.394076 0.5335 0.00130298
-0.25241 -0.394994 0.534 0.00130724
-0.252354 -0.395453 0.5345 0.00130701
-0.252298 -0.395911 0.535 0.00130679
-0.252242 -0.396369 0.5355 0.00130656
-0.25168 -0.396884 0.536 0.00130652
-0.251122 -0.397398 0.5365 0.00130648
-0.25056 -0.397912 0.537 0.00130645
-0.250583 -0.398001 0.5375 0.00130922
-0.250601 -0.39809 0.538 0.00131199
-0.250623 -0.398181 0.5385 0.00131477
-0.250601 -0.39809 0.539 0.00131435
-0.250583 -0.398001 0.5395 0.00131393
-0.25056 -0.397912 0.54 0.00131351
-0.250374 -0.397527 0.5405 0.00131169
-0.250188 -0.397143 0.541 0.00130987
-0.250001 -0.396758 0.5415 0.00130805
-0.250001 -0.396758 0.542 0.00130805
-0.250001 -0.396758 0.5425 0.00130805
-0.250001 -0.396758 0.543 0.00130805
-0.249814 -0.396372 0.5435 0.00130858
-0.249627 -0.395987 0.544 0.00130911
-0.24944 -0.395601 0.5445 0.00130965
-0.2488 -0.394812 0.545 0.00130824
-0.248163 -0.39402 0.5455 0.00130682
-0.247521 -0.393228 0.546 0.0013054
-0.247066 -0.392822 0.5465 0.00130109
-0.246615 -0.392416 0.547 0.00129677
-0.246159 -0.392009 0.5475 0.00129245
-0.24648 -0.391564 0.548 0.00129279
-0.246797 -0.39112 0.5485 0.00129313
-0.247118 -0.390675 0.549 0.00129347
-0.246906 -0.390193 0.5495 0.00129119
-0.246697 -0.389712 0.55 0.00128893
-0.246485 -0.38923 0.5505 0.00128666
-0.246751 -0.389248 0.551 0.00128678
-0.247014 -0.389266 0.5515 0.0012869
-0.247281 -0.389284 0.552 0.00128702
-0.247014 -0.389266 0.5525 0.0012869
-0.246751 -0.389248 0.553 0.00128678
-0.246485 -0.38923 0.5535 0.00128666
-0.247049 -0.38871 0.554 0.00128432
-0.24761 -0.388191 0.5545 0.00128198
-0.248175 -0.387671 0.555 0.00127964
-0.248229 -0.387206 0.5555 0.00127985
-0.248283 -0.386741 0.556 0.00128006
-0.248337 -0.386275 0.5565 0.00128028
-0.248635 -0.385736 0.557 0.00128018
-0.248932 -0.385197 0.5575 0.00128009
-0.24923 -0.384658 0.558 0.00128
-0.249582 -0.383652 0.5585 0.00127538
-0.249933 -0.382644 0.559 0.00127075
-0.250285 -0.381636 0.5595 0.00126612
-0.250095 -0.381239 0.56 0.00126425
-0.249906 -0.380843 0.5605 0.00126239
-0.249716 -0.380445 0.561 0.00126052
-0.250013 -0.379903 0.5615 0.00125804
-0.250311 -0.379362 0.562 0.00125557
-0.250608 -0.37882 0.5625 0.0012531
-0.250662 -0.378349 0.563 0.0012533
-0.250715 -0.377879 0.5635 0.0012535
-0.250769 -0.377408 0.564 0.0012537
-0.250876 -0.376465 0.5645 0.0012541
-0.250983 -0.37552 0.565 0.00125451
-0.25109 -0.374575 0.5655 0.00125491
-0.250952 -0.373699 0.566 0.00125322
-0.250815 -0.372822 0.5665 0.00125153
-0.250676 -0.371944 0.567 0.00124984
-0.250566 -0.3705 0.5675 0.00124315
-0.250459 -0.369054 0.568 0.00123646
-0.250347 -0.367604 0.5685 0.00122975
-0.250529 -0.366257 0.569 0.00122355
-0.250707 -0.364907 0.5695 0.00121734
-0.250889 -0.363555 0.57 0.00121112
-0.250181 -0.363198 0.5705 0.00120939
-0.249475 -0.362841 0.571 0.00120765
-0.248766 -0.362482 0.5715 0.00120591
-0.248378 -0.36166 0.572 0.00120206
-0.247989 -0.360836 0.5725 0.00119821
-0.2476 -0.360011 0.573 0.00119436
-0.247133 -0.359578 0.5735 0.00119231
-0.24667 -0.359146 0.574 0.00119026
-0.246202 -0.358713 0.5745 0.0011882
-0.24593 -0.358694 0.575 0.00118808
-0.245662 -0.358674 0.5755 0.00118796
-0.24539 -0.358655 0.576 0.00118783
-0.245466 -0.35826 0.5765 0.00118602
-0.245538 -0.357865 0.577 0.00118421
-0.245615 -0.357469 0.5775 0.00118239
-0.245146 -0.357034 0.578 0.00118033
-0.244681 -0.356599 0.5785 0.00117827
-0.244211 -0.356163 0.579 0.0011762
-0.244434 -0.35667 0.5795 0.00117856
-0.244652 -0.357177 0.58 0.00118092
-0.244875 -0.357683 0.5805 0.00118329
-0.244602 -0.357663 0.581 0.00118316
-0.244333 -0.357643 0.5815 0.00118304
-0.24406 -0.357623 0.582 0.00118291
-0.244333 -0.357643 0.5825 0.00118304
-0.244602 -0.357663 0.583 0.00118316
-0.244875 -0.357683 0.5835 0.00118329
-0.244552 -0.35815 0.584 0.0011854
-0.244232 -0.358615 0.5845 0.00118751
-0.243909 -0.359081 0.585 0.00118962
-0.244378 -0.359515 0.5855 0.00119168
-0.244843 -0.359948 0.586 0.00119373
-0.245311 -0.360381 0.5865 0.00119579
-0.24526 -0.360865 0.587 0.00119801
-0.245209 -0.361349 0.5875 0.00120024
-0.245158 -0.361832 0.588 0.00120246
-0.245353 -0.362244 0.5885 0.00120439
-0.245548 -0.362655 0.589 0.00120631
-0.245743 -0.363066 0.5895 0.00120823
-0.246184 -0.363406 0.59 0.00120985
-0.246625 -0.363745 0.5905 0.00121147
-0.247065 -0.364084 0.591 0.00121309
-0.24753 -0.364513 0.5915 0.00121513
-0.247991 -0.36494 0.592 0.00121716
-0.248455 -0.365368 0.5925 0.00121919
-0.248919 -0.365795 0.593 0.00122122
-0.249378 -0.366221 0.5935 0.00122324
-0.249841 -0.366648 0.594 0.00122527
-0.250225 -0.367462 0.5945 0.00122908
-0.25061 -0.368276 0.595 0.00123289
-0.250993 -0.369088 0.5955 0.00123669
-0.251185 -0.369494 0.596 0.00123858
-0.251377 -0.369899 0.5965 0.00124048
-0.251568 -0.370304 0.597 0.00124238
-0.251515 -0.37078 0.5975 0.00124457
-0.251462 -0.371255 0.598 0.00124676
-0.251409 -0.371731 0.5985 0.00124895
-0.2516 -0.372135 0.599 0.00125322
-0.251791 -0.372538 0.5995 0.00125749
-0.251981 -0.372941 0.6 0.00126176
-0.252225 -0.37287 0.6005 0.00126384
-0.252469 -0.3728 0.601 0.00126593
-0.252713 -0.372729 0.6015 0.00126802
-0.252713 -0.372729 0.602 0.00126802
-0.252713 -0.372729 0.6025 0.00126802
-0.252713 -0.372729 0.603 0.00126802
-0.252713 -0.372729 0.6035 0.00126802
-0.252713 -0.372729 0.604 0.00126802
-0.252713 -0.372729 0.6045 0.00126802
-0.252713 -0.372729 0.605 0.0012704
-0.252713 -0.372729 0.6055 0.00127278
-0.252713 -0.372729 0.606 0.00127516
-0.252498 -0.372239 0.6065 0.00127526
-0.252287 -0.371749 0.607 0.00127536
-0.252072 -0.371258 0.6075 0.00127545
-0.252394 -0.370799 0.608 0.00127338
-0.252711 -0.37034 0.6085 0.0012713
-0.253032 -0.369881 0.609 0.00126922
-0.253061 -0.369319 0.6095 0.00126902
-0.253093 -0.368757 0.61 0.00126883
-0.253122 -0.368195 0.6105 0.00126863
-0.253228 -0.367242 0.611 0.00126664
-0.253333 -0.366287 0.6115 0.00126465
-0.253439 -0.365331 0.612 0.00126266
-0.253491 -0.364853 0.6125 0.00126046
-0.253544 -0.364374 0.613 0.00125827
-0.253596 -0.363895 0.6135 0.00125607
-0.253701 -0.362937 0.614 0.00125407
-0.253806 -0.361976 0.6145 0.00125206
-0.25391 -0.361015 0.615 0.00125005
-0.253962 -0.360534 0.6155 0.00125024
-0.254014 -0.360053 0.616 0.00125043
-0.254066 -0.359571 0.6165 0.00125062
-0.253874 -0.359157 0.617 0.00124871
-0.253681 -0.358744 0.6175 0.00124679
-0.253488 -0.35833 0.618 0.00124487
-0.253076 -0.357416 0.6185 0.00124063
-0.252669 -0.3565 0.619 0.00123639
-0.252256 -0.355584 0.6195 0.00123214
-0.252087 -0.354597 0.62 0.0012276
-0.251923 -0.353609 0.6205 0.00122305
-0.251754 -0.35262 0.621 0.0012185
-0.252126 -0.351663 0.6215 0.00121415
-0.252495 -0.350703 0.622 0.00120979
-0.252867 -0.349744 0.6225 0.00120543
-0.252647 -0.349238 0.623 0.00120309
-0.25243 -0.348734 0.6235 0.00120075
-0.252209 -0.348228 0.624 0.00119841
-0.252184 -0.348801 0.6245 0.00119863
-0.252155 -0.349374 0.625 0.00119885
-0.25213 -0.349948 0.6255 0.00119907
-0.251317 -0.350556 0.626 0.00119936
-0.250506 -0.351164 0.6265 0.00119965
-0.249692 -0.351772 0.627 0.00119995
-0.249345 -0.352816 0.6275 0.00119989
-0.248998 -0.35386 0.628 0.00119983
-0.24865 -0.354902 0.6285 0.00119978
-0.248549 -0.355874 0.629 0.00120183
-0.248447 -0.356845 0.6295 0.00120389
-0.248346 -0.357814 0.63 0.00120593
-0.248515 -0.3588 0.6305 0.00121049
-0.24868 -0.359786 0.631 0.00121505
-0.248848 -0.360769 0.6315 0.00121959
-0.248474 -0.361716 0.632 0.00122391
-0.248105 -0.362662 0.6325 0.00122822
-0.247731 -0.363607 0.633 0.00123253
-0.247899 -0.364585 0.6335 0.00123706
-0.248062 -0.365563 0.634 0.00124158
-0.248228 -0.36654 0.6345 0.0012461
-0.247906 -0.367001 0.635 0.00124819
-0.247588 -0.367461 0.6355 0.00125027
-0.247267 -0.367922 0.636 0.00125236
-0.247588 -0.367461 0.6365 0.00125027
-0.247906 -0.367001 0.637 0.00124819
-0.248228 -0.36654 0.6375 0.0012461
-0.24801 -0.366042 0.638 0.00124618
-0.247796 -0.365546 0.6385 0.00124626
-0.247577 -0.365048 0.639 0.00124633
-0.247434 -0.364158 0.6395 0.00124222
-0.247291 -0.363265 0.64 0.0012381
-0.247148 -0.362373 0.6405 0.00123397
-0.247004 -0.361479 0.641 0.00122984
-0.246861 -0.360583 0.6415 0.0012257
-0.246716 -0.359686 0.642 0.00122156
-0.247115 -0.358163 0.6425 0.001217
-0.247513 -0.356638 0.643 0.00121243
-0.247911 -0.35511 0.6435 0.00120786
-0.247494 -0.354188 0.644 0.00120839
-0.24708 -0.353263 0.6445 0.00120892
-0.24666 -0.352338 0.645 0.00120944
-0.246488 -0.351343 0.6455 0.00120726
-0.246318 -0.350345 0.646 0.00120508
-0.246145 -0.349348 0.6465 0.0012029
-0.246194 -0.348857 0.647 0.00120066
-0.246243 -0.348367 0.6475 0.00119842
-0.246293 -0.347875 0.648 0.00119617
-0.246392 -0.346893 0.6485 0.00119168
-0.24649 -0.345908 0.649 0.00118718
-0.246588 -0.344923 0.6495 0.00118268
-0.246637 -0.344429 0.65 0.00118042
-0.246686 -0.343936 0.6505 0.00117817
-0.246735 -0.343442 0.651 0.00117591
-0.246488 -0.34351 0.6515 0.0011762
-0.24624 -0.343578 0.652 0.00117648
-0.245992 -0.343646 0.6525 0.00117677
-0.245745 -0.343715 0.653 0.00117705
-0.245497 -0.343783 0.6535 0.00117734
-0.245249 -0.343851 0.654 0.00117763
-0.245497 -0.343783 0.6545 0.00117734
-0.245745 -0.343715 0.655 0.00117705
-0.245992 -0.343646 0.6555 0.00117677
-0.245891 -0.342231 0.656 0.00117511
-0.245789 -0.340812 0.6565 0.00117345
-0.245686 -0.339391 0.657 0.00117179
-0.24665 -0.337284 0.6575 0.00116952
-0.24761 -0.335174 0.658 0.00116725
-0.248573 -0.333059 0.6585 0.00116497
-0.249109 -0.329986 0.659 0.00116072
-0.249642 -0.326903 0.6595 0.00115646
-0.250174 -0.32381 0.66 0.00115217
-0.250752 -0.3202 0.6605 0.00114556
-0.251326 -0.316578 0.661 0.00113893
-0.251898 -0.312941 0.6615 0.00113226
-0.253242 -0.309182 0.662 0.00112512
-0.25458 -0.305412 0.6625 0.00111795
-0.25592 -0.301631 0.663 0.00111076
-0.25753 -0.297854 0.6635 0.00110362
-0.259143 -0.294068 0.664 0.00109647
-0.26075 -0.290269 0.6645 0.00108928
-0.26231 -0.286983 0.665 0.00108441
-0.263872 -0.28369 0.6655 0.00107953
-0.265428 -0.280389 0.666 0.00107462
-0.2662 -0.280286 0.6665 0.00108404
-0.266967 -0.280183 0.667 0.00109346
-0.267737 -0.280079 0.6675 0.00110287
-0.268507 -0.279976 0.668 0.00111227
-0.269272 -0.279872 0.6685 0.00112168
-0.27004 -0.279769 0.669 0.00113107
-0.271081 -0.279679 0.6695 0.00113808
-0.272125 -0.279589 0.67 0.00114508
-0.273163 -0.279498 0.6705 0.00115207
-0.273684 -0.279452 0.671 0.00115679
-0.274201 -0.279407 0.6715 0.00116151
-0.274721 -0.279361 0.672 0.00116623
-0.274966 -0.279303 0.6725 0.00117089
-0.27521 -0.279244 0.673 0.00117554
-0.275455 -0.279186 0.6735 0.00118019
-0.275424 -0.279115 0.674 0.00118479
-0.275397 -0.279045 0.6745 0.00118938
-0.275366 -0.278975 0.675 0.00119398
-0.275611 -0.278918 0.6755 0.00119863
-0.275855 -0.27886 0.676 0.00120329
-0.276099 -0.278803 0.6765 0.00120795
-0.276069 -0.278734 0.677 0.00121009
-0.276043 -0.278665 0.6775 0.00121224
-0.276012 -0.278597 0.678 0.00121439
-0.275712 -0.278518 0.6785 0.00121895
-0.275407 -0.278439 0.679 0.00122351
-0.275107 -0.278361 0.6795 0.00122807
-0.275078 -0.278295 0.68 0.00123023
-0.275053 -0.278229 0.6805 0.00123239
-0.275024 -0.278163 0.681 0.00123456
-0.275269 -0.278108 0.6815 0.00123431
-0.275514 -0.278052 0.682 0.00123406
-0.275759 -0.277997 0.6825 0.00123382
-0.27573 -0.277932 0.683 0.00123353
-0.275705 -0.277868 0.6835 0.00123325
-0.275676 -0.277803 0.684 0.00123296
-0.275133 -0.277784 0.6845 0.00123042
-0.274586 -0.277766 0.685 0.00122788
-0.274042 -0.277747 0.6855 0.00122534
-0.274014 -0.277684 0.686 0.00122015
-0.27399 -0.277621 0.6865 0.00121496
-0.273963 -0.277559 0.687 0.00120977
-0.273963 -0.277559 0.6875 0.00120731
-0.273963 -0.277559 0.688 0.00120485
-0.273963 -0.277559 0.6885 0.0012024
-0.273919 -0.278081 0.689 0.00120226
-0.273875 -0.278603 0.6895 0.00120212
-0.27383 -0.279125 0.69 0.00120199
-0.27383 -0.279125 0.6905 0.00120199
-0.27383 -0.279125 0.691 0.00120199
-0.27383 -0.279125 0.6915 0.00120199
-0.273584 -0.279178 0.692 0.00119977
-0.273339 -0.279232 0.6925 0.00119755
-0.273093 -0.279286 0.693 0.00119533
-0.272775 -0.279799 0.6935 0.00119515
-0.272461 -0.280311 0.694 0.00119497
-0.272144 -0.280823 0.6945 0.00119479
-0.271624 -0.280868 0.695 0.00119498
-0.271108 -0.280912 0.6955 0.00119517
-0.270588 -0.280957 0.696 0.00119536
-0.270571 -0.281542 0.6965 0.00119796
-0.27055 -0.282125 0.697 0.00120056
-0.270533 -0.28271 0.6975 0.00120316
-0.270259 -0.282701 0.698 0.00120312
-0.269989 -0.282691 0.6985 0.00120307
-0.269715 -0.282682 0.699 0.00120302
-0.269469 -0.282736 0.6995 0.0012008
-0.269222 -0.28279 0.7 0.00119859
-0.268975 -0.282845 0.7005 0.00119637
-0.268684 -0.28342 0.701 0.00119401
-0.268394 -0.283995 0.7015 0.00119166
-0.268102 -0.28457 0.702 0.00118931
-0.267811 -0.285146 0.7025 0.00118941
-0.26752 -0.285721 0.703 0.00118951
-0.267229 -0.286296 0.7035 0.00118962
-0.266937 -0.286871 0.704 0.00119218
-0.266646 -0.287446 0.7045 0.00119473
-0.266355 -0.288021 0.705 0.00119729
-0.266063 -0.288597 0.7055 0.00119985
-0.265772 -0.289171 0.706 0.00120241
-0.26548 -0.289746 0.7065 0.00120497
-0.265188 -0.290321 0.707 0.00120753
-0.264897 -0.290896 0.7075 0.00121008
-0.264605 -0.291471 0.708 0.00121264
-0.26456 -0.291989 0.7085 0.0012125
-0.264515 -0.292506 0.709 0.00121235
-0.26447 -0.293023 0.7095 0.00121221
-0.264425 -0.293541 0.71 0.00121207
-0.26438 -0.294057 0.7105 0.00121192
-0.264335 -0.294574 0.711 0.00121178
-0.264042 -0.295147 0.7115 0.00121434
-0.263751 -0.29572 0.712 0.00121689
-0.263458 -0.296294 0.7125 0.00121944
-0.263413 -0.29681 0.713 0.00122175
-0.263367 -0.297325 0.7135 0.00122404
-0.263322 -0.29784 0.714 0.00122635
-0.263029 -0.298413 0.7145 0.0012289
-0.262737 -0.298985 0.715 0.00123145
-0.262444 -0.299558 0.7155 0.001234
-0.26217 -0.299546 0.716 0.00123393
-0.261899 -0.299534 0.7165 0.00123387
-0.261625 -0.299522 0.717 0.00123381
-0.261102 -0.299568 0.7175 0.001234
-0.260584 -0.299614 0.718 0.00123419
-0.260062 -0.29966 0.7185 0.00123438
-0.260043 -0.300245 0.719 0.00123455
-0.260022 -0.300829 0.7195 0.00123471
-0.260003 -0.301415 0.72 0.00123488
-0.259683 -0.301916 0.7205 0.00123466
-0.259367 -0.302417 0.721 0.00123444
-0.259046 -0.302917 0.7215 0.00123423
-0.259046 -0.302917 0.722 0.00123667
-0.259046 -0.302917 0.7225 0.00123912
-0.259046 -0.302917 0.723 0.00124157
-0.258798 -0.302976 0.7235 0.00123938
-0.258551 -0.303035 0.724 0.00123718
-0.258303 -0.303094 0.7245 0.00123499
-0.258055 -0.303153 0.725 0.00123525
-0.257807 -0.303212 0.7255 0.0012355
-0.257559 -0.303271 0.726 0.00123576
-0.257559 -0.303271 0.7265 0.00123576
-0.257559 -0.303271 0.727 0.00123576
-0.257559 -0.303271 0.7275 0.00123576
-0.257807 -0.303212 0.728 0.0012355
-0.258055 -0.303153 0.7285 0.00123525
-0.258303 -0.303094 0.729 0.00123499
-0.258578 -0.303107 0.7295 0.00123751
-0.258849 -0.30312 0.73 0.00124002
-0.259124 -0.303133 0.7305 0.00124253
-0.259097 -0.303061 0.731 0.00124221
-0.259073 -0.302989 0.7315 0.00124189
-0.259046 -0.302917 0.732 0.00124157
-0.259816 -0.302813 0.7325 0.00124112
-0.260582 -0.302708 0.733 0.00124068
-0.261351 -0.302603 0.7335 0.00124023
-0.261845 -0.302486 0.734 0.00123973
-0.26234 -0.30237 0.7345 0.00123922
-0.262834 -0.302254 0.735 0.00123872
-0.263081 -0.302196 0.7355 0.00123847
-0.263328 -0.302138 0.736 0.00123822
-0.263575 -0.302081 0.7365 0.00123797
-0.263868 -0.301511 0.737 0.00123787
-0.26416 -0.300941 0.7375 0.00123778
-0.264453 -0.300371 0.738 0.00123769
-0.264973 -0.300325 0.7385 0.00123994
-0.265488 -0.300278 0.739 0.00124219
-0.266008 -0.300232 0.7395 0.00124444
-0.266481 -0.300697 0.74 0.00124654
-0.26695 -0.301162 0.7405 0.00124862
-0.267422 -0.301627 0.741 0.00125071
-0.267442 -0.301047 0.7415 0.00124813
-0.267466 -0.300469 0.742 0.00124554
-0.267486 -0.29989 0.7425 0.00124296
-0.267712 -0.300412 0.743 0.00124285
-0.267934 -0.300933 0.7435 0.00124275
-0.26816 -0.301455 0.744 0.00124264
-0.267641 -0.301502 0.7445 0.00124284
-0.267127 -0.301549 0.745 0.00124303
-0.266608 -0.301596 0.7455 0.00124323
-0.266362 -0.301653 0.746 0.00124347
-0.266116 -0.30171 0.7465 0.00124372
-0.26587 -0.301768 0.747 0.00124397
-0.265377 -0.301883 0.7475 0.00124203
-0.264884 -0.301998 0.748 0.00124009
-0.264391 -0.302114 0.7485 0.00123814
-0.264098 -0.302684 0.749 0.00123824
-0.263806 -0.303254 0.7495 0.00123834
-0.263512 -0.303824 0.75 0.00123843
-0.263219 -0.304394 0.7505 0.00124098
-0.262927 -0.304963 0.751 0.00124351
-0.262633 -0.305533 0.7515 0.00124605
-0.262387 -0.305592 0.752 0.00124631
-0.26214 -0.305651 0.7525 0.00124656
-0.261893 -0.30571 0.753 0.00124682
-0.261893 -0.30571 0.7535 0.00124682
-0.261893 -0.30571 0.754 0.00124682
-0.261893 -0.30571 0.7545 0.00124682
-0.26214 -0.305651 0.755 0.00124901
-0.262387 -0.305592 0.7555 0.00125119
-0.262633 -0.305533 0.756 0.00125338
-0.26268 -0.305022 0.7565 0.00125109
-0.262726 -0.304511 0.757 0.00124881
-0.262772 -0.304 0.7575 0.00124652
-0.263019 -0.303941 0.758 0.00124871
-0.263266 -0.303882 0.7585 0.0012509
-0.263512 -0.303824 0.759 0.00125309
-0.263778 -0.303184 0.7595 0.00125512
-0.264049 -0.302546 0.76 0.00125717
-0.264315 -0.301908 0.7605 0.00125921
-0.264335 -0.301328 0.761 0.00125907
-0.264358 -0.300749 0.7615 0.00125893
-0.264378 -0.300169 0.762 0.00125879
-0.264286 -0.301193 0.7625 0.00126335
-0.264194 -0.302217 0.763 0.00126792
-0.264102 -0.303239 0.7635 0.00127248
-0.263783 -0.30374 0.764 0.00127715
-0.263469 -0.304239 0.7645 0.00128181
-0.26315 -0.30474 0.765 0.00128648
-0.262676 -0.304276 0.7655 0.00128684
-0.262206 -0.303812 0.766 0.00128721
-0.261731 -0.303347 0.7665 0.00128757
-0.261484 -0.303404 0.767 0.00128538
-0.261237 -0.303461 0.7675 0.00128318
-0.260989 -0.303518 0.768 0.00128098
-0.26022 -0.303621 0.7685 0.00128387
-0.259455 -0.303724 0.769 0.00128676
-0.258685 -0.303827 0.7695 0.00128965
-0.257914 -0.30393 0.77 0.00128765
-0.257147 -0.304033 0.7705 0.00128565
-0.256376 -0.304136 0.771 0.00128365
-0.256082 -0.304705 0.7715 0.00128618
-0.255789 -0.305274 0.772 0.00128871
-0.255495 -0.305843 0.7725 0.00129124
-0.255246 -0.305901 0.773 0.00129149
-0.254997 -0.305959 0.7735 0.00129175
-0.254748 -0.306017 0.774 0.001292
-0.254499 -0.306075 0.7745 0.00128981
-0.25425 -0.306133 0.775 0.00128761
-0.254001 -0.306191 0.7755 0.00128542
-0.253956 -0.306703 0.776 0.00128526
-0.253911 -0.307214 0.7765 0.00128509
-0.253866 -0.307725 0.777 0.00128492
-0.25407 -0.308177 0.7775 0.00128939
-0.254273 -0.308629 0.778 0.00129386
-0.254477 -0.309081 0.7785 0.00129832
-0.255 -0.309035 0.779 0.00129813
-0.255518 -0.308988 0.7795 0.00129793
-0.256041 -0.308942 0.78 0.00129774
-0.256264 -0.308814 0.7805 0.00129717
-0.256491 -0.308686 0.781 0.00129661
-0.256713 -0.308559 0.7815 0.00129604
-0.257483 -0.308455 0.782 0.0012956
-0.258249 -0.308351 0.7825 0.00129515
-0.259018 -0.308247 0.783 0.0012947
-0.259513 -0.308133 0.7835 0.0012942
-0.260009 -0.308018 0.784 0.00129371
-0.260504 -0.307905 0.7845 0.00129321
-0.261317 -0.307292 0.785 0.00129294
-0.262127 -0.306681 0.7855 0.00129267
-0.262939 -0.306068 0.786 0.0012924
-0.263973 -0.305975 0.7865 0.00129444
-0.265011 -0.305881 0.787 0.00129648
-0.266043 -0.305786 0.7875 0.00129852
-0.266535 -0.305673 0.788 0.00129802
-0.267028 -0.305561 0.7885 0.00129753
-0.26752 -0.305449 0.789 0.00129704
-0.268084 -0.304893 0.7895 0.00129457
-0.268643 -0.304337 0.79 0.00129211
-0.269207 -0.303781 0.7905 0.00128964
-0.269452 -0.303725 0.791 0.0012894
-0.269698 -0.303669 0.7915 0.00128915
-0.269943 -0.303613 0.792 0.00128891
-0.270189 -0.303558 0.7925 0.00128867
-0.270434 -0.303502 0.793 0.00128842
-0.27068 -0.303447 0.7935 0.00128818
-0.270409 -0.303439 0.794 0.0012857
-0.270143 -0.303431 0.7945 0.00128323
-0.269872 -0.303423 0.795 0.00128075
-0.270096 -0.30394 0.7955 0.00128549
-0.270315 -0.304455 0.796 0.00129023
-0.270539 -0.304971 0.7965 0.00129497
-0.269976 -0.305527 0.797 0.001295
-0.269417 -0.306081 0.7975 0.00129502
-0.268854 -0.306636 0.798 0.00129505
-0.268854 -0.306636 0.7985 0.00129749
-0.268854 -0.306636 0.799 0.00129992
-0.268854 -0.306636 0.7995 0.00130236
-0.268901 -0.306129 0.8 0.0013001
-0.268948 -0.305622 0.8005 0.00129784
-0.268995 -0.305114 0.801 0.00129558
-0.268995 -0.305114 0.8015 0.00129558
-0.268995 -0.305114 0.802 0.00129558
-0.268995 -0.305114 0.8025 0.00129558
-0.269287 -0.30455 0.803 0.00129551
-0.26958 -0.303987 0.8035 0.00129544
-0.269872 -0.303423 0.804 0.00129537
-0.270118 -0.303368 0.8045 0.00129757
-0.270363 -0.303314 0.805 0.00129977
-0.270609 -0.303259 0.8055 0.00130197
-0.271172 -0.302703 0.806 0.0012995
-0.27173 -0.302147 0.8065 0.00129703
-0.272292 -0.301591 0.807 0.00129456
-0.272538 -0.301536 0.8075 0.00129433
-0.272782 -0.301481 0.808 0.00129409
-0.273028 -0.301427 0.8085 0.00129385
-0.273518 -0.301318 0.809 0.00129337
-0.274008 -0.30121 0.8095 0.0012929
-0.274497 -0.301102 0.81 0.00129242
-0.274987 -0.300994 0.8105 0.00129195
-0.275476 -0.300887 0.811 0.00129148
-0.275965 -0.30078 0.8115 0.00129101
-0.27621 -0.300727 0.812 0.00129321
-0.276454 -0.300673 0.8125 0.00129541
-0.276699 -0.30062 0.813 0.00129761
-0.276699 -0.30062 0.8135 0.00130005
-0.276699 -0.30062 0.814 0.00130248
-0.276699 -0.30062 0.8145 0.00130492
-0.276478 -0.300107 0.815 0.00130263
-0.27626 -0.299594 0.8155 0.00130035
-0.276039 -0.29908 0.816 0.00129806
-0.275841 -0.298623 0.8165 0.00129603
-0.275643 -0.298167 0.817 0.00129401
-0.275445 -0.29771 0.8175 0.00129197
-0.275001 -0.297306 0.818 0.00129017
-0.274557 -0.296902 0.8185 0.00128837
-0.274113 -0.296497 0.819 0.00128657
-0.273644 -0.296032 0.8195 0.0012845
-0.273179 -0.295568 0.82 0.00128243
-0.27271 -0.295103 0.8205 0.00128036
-0.272218 -0.295209 0.821 0.00128082
-0.271726 -0.295315 0.8215 0.00128129
-0.271234 -0.295421 0.822 0.00128176
-0.271234 -0.295421 0.8225 0.00128176
-0.271234 -0.295421 0.823 0.00128176
-0.271234 -0.295421 0.8235 0.00128176
-0.27148 -0.295368 0.824 0.00128153
-0.271726 -0.295315 0.8245 0.00128129
-0.271972 -0.295262 0.825 0.00128106
-0.27278 -0.29465 0.8255 0.00128079
-0.273584 -0.294039 0.826 0.00128052
-0.274391 -0.293427 0.8265 0.00128026
-0.275197 -0.292816 0.827 0.00128243
-0.275999 -0.292205 0.8275 0.00128461
-0.276805 -0.291593 0.828 0.00128678
-0.276827 -0.291022 0.8285 0.00128669
-0.276852 -0.290452 0.829 0.00128661
-0.276873 -0.289882 0.8295 0.00128652
-0.276919 -0.289368 0.83 0.00128424
-0.276965 -0.288855 0.8305 0.00128197
-0.27701 -0.28834 0.831 0.00127969
-0.277056 -0.287826 0.8315 0.00127496
-0.277101 -0.287312 0.832 0.00127023
-0.277147 -0.286797 0.8325 0.0012655
-0.276702 -0.286384 0.833 0.00126367
-0.276256 -0.285972 0.8335 0.00126184
-0.27581 -0.285558 0.834 0.00126
-0.274827 -0.285765 0.8345 0.00126092
-0.273844 -0.285972 0.835 0.00126184
-0.27286 -0.286181 0.8355 0.00126276
-0.271357 -0.286437 0.836 0.00126144
-0.269856 -0.286694 0.8365 0.00126012
-0.268349 -0.286951 0.837 0.00125881
-0.26729 -0.287621 0.8375 0.00125687
-0.266234 -0.288291 0.838 0.00125493
-0.265174 -0.288961 0.8385 0.00125299
-0.264634 -0.289588 0.839 0.00125332
-0.264094 -0.290213 0.8395 0.00125364
-0.263555 -0.29084 0.84 0.00125397
-0.26351 -0.291358 0.8405 0.00125872
-0.263466 -0.291874 0.841 0.00126347
-0.263421 -0.292391 0.8415 0.00126822
-0.26374 -0.291884 0.842 0.00126597
-0.264054 -0.291378 0.8425 0.00126372
-0.264373 -0.29087 0.843 0.00126147
-0.264099 -0.29086 0.8435 0.00126142
-0.263829 -0.29085 0.844 0.00126138
-0.263555 -0.29084 0.8445 0.00126133
-0.263873 -0.290333 0.845 0.00126153
-0.264187 -0.289825 0.8455 0.00126173
-0.264506 -0.289317 0.846 0.00126193
-0.264072 -0.288325 0.8465 0.00125998
-0.263642 -0.287331 0.847 0.00125802
-0.263207 -0.286337 0.8475 0.00125606
-0.262797 -0.285405 0.848 0.00124946
-0.262387 -0.284472 0.8485 0.00124286
-0.261977 -0.283538 0.849 0.00123625
-0.261523 -0.283125 0.8495 0.00123441
-0.261068 -0.282712 0.85 0.00123257
-0.260614 -0.282299 0.8505 0.00123073
-0.260088 -0.282342 0.851 0.00123092
-0.259567 -0.282385 0.8515 0.00123111
-0.259041 -0.282429 0.852 0.0012313
-0.258791 -0.282483 0.8525 0.00123154
-0.258542 -0.282538 0.853 0.00123178
-0.258293 -0.282593 0.8535 0.00123203
-0.258791 -0.282483 0.854 0.001234
-0.25929 -0.282374 0.8545 0.00123599
-0.259788 -0.282265 0.855 0.00123797
-0.260286 -0.282156 0.8555 0.00123749
-0.260785 -0.282047 0.856 0.00123701
-0.261282 -0.281939 0.8565 0.00123653
-0.262056 -0.281842 0.857 0.0012361
-0.262825 -0.281745 0.8575 0.00123567
-0.263597 -0.281647 0.858 0.00123524
-0.264121 -0.281604 0.8585 0.00123751
-0.26464 -0.28156 0.859 0.00123978
-0.265163 -0.281516 0.8595 0.00124205
-0.265411 -0.281462 0.86 0.00124427
-0.265658 -0.281409 0.8605 0.00124649
-0.265906 -0.281355 0.861 0.00124871
-0.266154 -0.281301 0.8615 0.00124848
-0.266402 -0.281248 0.862 0.00124824
-0.26665 -0.281195 0.8625 0.001248
-0.266897 -0.281141 0.863 0.00124531
-0.267145 -0.281088 0.8635 0.00124261
-0.267392 -0.281035 0.864 0.00123992
-0.26764 -0.280982 0.8645 0.00124214
-0.267887 -0.280929 0.865 0.00124437
-0.268135 -0.280876 0.8655 0.00124659
-0.268108 -0.280815 0.866 0.00124386
-0.268086 -0.280754 0.8665 0.00124113
-0.26806 -0.280693 0.867 0.0012384
-0.268307 -0.280641 0.8675 0.00123817
-0.268555 -0.280589 0.868 0.00123794
-0.268802 -0.280537 0.8685 0.00123771
-0.268598 -0.280068 0.869 0.00123809
-0.268394 -0.279599 0.8695 0.00123847
-0.26819 -0.279129 0.87 0.00123884
-0.268233 -0.278607 0.8705 0.00123653
-0.268276 -0.278085 0.871 0.00123421
-0.268319 -0.277563 0.8715 0.0012319
-0.268362 -0.27704 0.872 0.00122958
-0.268405 -0.276517 0.8725 0.00122726
-0.268448 -0.275994 0.873 0.00122494
-0.268491 -0.27547 0.8735 0.00122508
-0.268534 -0.274947 0.874 0.00122522
-0.268576 -0.274423 0.8745 0.00122536
-0.269098 -0.27438 0.875 0.00122763
-0.269616 -0.274337 0.8755 0.0012299
-0.270137 -0.274293 0.876 0.00123217
-0.270385 -0.274242 0.8765 0.00123194
-0.270632 -0.274191 0.877 0.00123171
-0.270879 -0.274139 0.8775 0.00123148
-0.271127 -0.274088 0.878 0.00123126
-0.271374 -0.274037 0.8785 0.00123103
-0.271621 -0.273986 0.879 0.0012308
-0.271868 -0.273935 0.8795 0.00123057
-0.272115 -0.273884 0.88 0.00123035
-0.272362 -0.273834 0.8805 0.00123012
-0.272609 -0.273783 0.881 0.0012299
-0.272856 -0.273732 0.8815 0.00122967
-0.273103 -0.273682 0.882 0.00122945
-0.27335 -0.273631 0.8825 0.00122676
-0.273596 -0.273581 0.883 0.00122408
-0.273843 -0.273531 0.8835 0.00122139
-0.274047 -0.274003 0.884 0.00122349
-0.27425 -0.274475 0.8845 0.00122558
-0.274453 -0.274947 0.885 0.00122767
-0.2747 -0.274897 0.8855 0.00122499
-0.274946 -0.274847 0.886 0.00122231
-0.275192 -0.274797 0.8865 0.00121963
-0.275192 -0.274797 0.887 0.00121717
-0.275192 -0.274797 0.8875 0.00121471
-0.275192 -0.274797 0.888 0.00121226
-0.275149 -0.275319 0.8885 0.00121457
-0.275105 -0.275839 0.889 0.00121688
-0.275062 -0.276361 0.8895 0.00121919
-0.275062 -0.276361 0.89 0.00122165
-0.275062 -0.276361 0.8905 0.00122411
-0.275062 -0.276361 0.891 0.00122656
-0.27479 -0.276355 0.8915 0.00122899
-0.274522 -0.276349 0.892 0.00123142
-0.27425 -0.276343 0.8925 0.00123386
-0.274812 -0.275778 0.893 0.00123626
-0.27537 -0.275213 0.8935 0.00123867
-0.275931 -0.274647 0.894 0.00124108
-0.27566 -0.274642 0.8945 0.00124597
-0.275392 -0.274636 0.895 0.00125087
-0.275121 -0.27463 0.8955 0.00125576
-0.275121 -0.27463 0.896 0.00125822
-0.275121 -0.27463 0.8965 0.00126068
-0.275121 -0.27463 0.897 0.00126313
-0.275121 -0.27463 0.8975 0.00126313
-0.275121 -0.27463 0.898 0.00126313
-0.275121 -0.27463 0.8985 0.00126313
-0.274849 -0.274625 0.899 0.00126311
-0.274581 -0.274619 0.8995 0.00126309
-0.27431 -0.274614 0.9 0.00126307
-0.27377 -0.274603 0.9005 0.00126303
-0.273227 -0.274593 0.901 0.00126299
-0.272688 -0.274582 0.9015 0.00126296
-0.272688 -0.274582 0.902 0.00126296
-0.272688 -0.274582 0.9025 0.00126296
-0.272688 -0.274582 0.903 0.00126296
-0.27244 -0.274631 0.9035 0.00126317
-0.272193 -0.274679 0.904 0.00126339
-0.271945 -0.274728 0.9045 0.00126361
-0.271988 -0.274206 0.905 0.0012613
-0.272031 -0.273685 0.9055 0.001259
-0.272074 -0.273162 0.906 0.00125669
-0.271759 -0.273679 0.9065 0.00125898
-0.271448 -0.274195 0.907 0.00126126
-0.271133 -0.274712 0.9075 0.00126355
-0.271115 -0.275288 0.908 0.00126364
-0.271092 -0.275863 0.9085 0.00126372
-0.271074 -0.276439 0.909 0.00126381
-0.270783 -0.277009 0.9095 0.00126633
-0.270492 -0.277579 0.91 0.00126886
-0.270202 -0.278149 0.9105 0.00127138
-0.270406 -0.27862 0.911 0.00127346
-0.27061 -0.27909 0.9115 0.00127554
-0.270814 -0.279561 0.912 0.00127762
-0.270771 -0.28008 0.9125 0.00127991
-0.270727 -0.280599 0.913 0.00128221
-0.270684 -0.281118 0.9135 0.0012845
-0.271159 -0.281593 0.914 0.0012866
-0.27163 -0.282066 0.9145 0.00128869
-0.272104 -0.28254 0.915 0.00129078
-0.272622 -0.282495 0.9155 0.00129057
-0.273136 -0.282451 0.916 0.00129037
-0.273654 -0.282406 0.9165 0.00129017
-0.2739 -0.282356 0.917 0.00129239
-0.274146 -0.282306 0.9175 0.00129462
-0.274393 -0.282256 0.918 0.00129685
-0.274684 -0.281689 0.9185 0.00129434
-0.274974 -0.281122 0.919 0.00129183
-0.275265 -0.280554 0.9195 0.00128932
-0.275285 -0.279982 0.92 0.00128924
-0.275309 -0.279411 0.9205 0.00128917
-0.275329 -0.278839 0.921 0.00128909
-0.275619 -0.278271 0.9215 0.00128904
-0.275909 -0.277704 0.922 0.00128898
-0.2762 -0.277137 0.9225 0.00128893
-0.275997 -0.276666 0.923 0.00128685
-0.275794 -0.276195 0.9235 0.00128478
-0.275591 -0.275723 0.924 0.0012827
-0.275117 -0.275246 0.9245 0.0012806
-0.274646 -0.27477 0.925 0.00127851
-0.274171 -0.274292 0.9255 0.00127641
-0.273449 -0.273862 0.926 0.00127452
-0.272729 -0.273433 0.9265 0.00127264
-0.272005 -0.273002 0.927 0.00127075
-0.271757 -0.27305 0.9275 0.00127097
-0.271509 -0.273098 0.928 0.00127118
-0.271261 -0.273146 0.9285 0.0012714
-0.271533 -0.273151 0.929 0.00127142
-0.271801 -0.273157 0.9295 0.00127144
-0.272074 -0.273162 0.93 0.00127146
-0.271801 -0.273157 0.9305 0.00127144
-0.271533 -0.273151 0.931 0.00127142
-0.271261 -0.273146 0.9315 0.0012714
-0.271781 -0.273103 0.932 0.0012712
-0.272297 -0.27306 0.9325 0.001271
-0.272816 -0.273017 0.933 0.0012708
-0.273064 -0.272969 0.9335 0.00127305
-0.273311 -0.27292 0.934 0.00127529
-0.273558 -0.272872 0.9345 0.00127753
-0.273806 -0.272824 0.935 0.00127977
-0.274053 -0.272776 0.9355 0.00128202
-0.2743 -0.272728 0.936 0.00128426
-0.274547 -0.272681 0.9365 0.00128404
-0.274794 -0.272633 0.937 0.00128383
-0.275041 -0.272585 0.9375 0.00128361
-0.275041 -0.272585 0.938 0.00128361
-0.275041 -0.272585 0.9385 0.00128361
-0.275041 -0.272585 0.939 0.00128361
-0.274523 -0.272629 0.9395 0.00128628
-0.274009 -0.272672 0.94 0.00128894
-0.27349 -0.272715 0.9405 0.0012916
-0.272748 -0.272858 0.941 0.00129225
-0.272005 -0.273002 0.9415 0.00129291
-0.271261 -0.273146 0.942 0.00129356
-0.271013 -0.273194 0.9425 0.00129378
-0.270765 -0.273243 0.943 0.001294
-0.270517 -0.273291 0.9435 0.00129422
-0.270021 -0.273388 0.944 0.00129466
-0.269525 -0.273486 0.9445 0.00129511
-0.269029 -0.273584 0.945 0.00129555
-0.269029 -0.273584 0.9455 0.00129555
-0.269029 -0.273584 0.946 0.00129555
-0.269029 -0.273584 0.9465 0.00129555
-0.269029 -0.273584 0.947 0.00129801
-0.269029 -0.273584 0.9475 0.00130048
-0.269029 -0.273584 0.948 0.00130294
-0.26955 -0.273541 0.9485 0.00130274
-0.270067 -0.273498 0.949 0.00130253
-0.270587 -0.273455 0.9495 0.00130233
-0.270563 -0.2734 0.95 0.00130209
-0.270542 -0.273346 0.9505 0.00130185
-0.270517 -0.273291 0.951 0.00130161
-0.271306 -0.273254 0.9515 0.00130142
-0.272098 -0.273216 0.952 0.00130124
-0.272886 -0.273179 0.9525 0.00130105
-0.273133 -0.27313 0.953 0.00130329
-0.27338 -0.273081 0.9535 0.00130552
-0.273628 -0.273033 0.954 0.00130776
-0.273875 -0.272984 0.9545 0.00131
-0.274122 -0.272936 0.955 0.00131224
-0.274369 -0.272887 0.9555 0.00131448
-0.274345 -0.272834 0.956 0.00131425
-0.274324 -0.272781 0.9565 0.00131401
-0.2743 -0.272728 0.957 0.00131378
-0.273514 -0.272767 0.9575 0.00131398
-0.272724 -0.272806 0.958 0.00131418
-0.271937 -0.272844 0.9585 0.00131437
-0.271441 -0.272939 0.959 0.00131481
-0.270945 -0.273035 0.9595 0.00131524
-0.270449 -0.27313 0.96 0.00131568
-0.26968 -0.273221 0.9605 0.00131611
-0.268914 -0.273312 0.961 0.00131653
-0.268145 -0.273403 0.9615 0.00131695
-0.268169 -0.273456 0.962 0.00131719
-0.268189 -0.273511 0.9625 0.00131743
-0.268214 -0.273565 0.963 0.00131767
-0.267965 -0.273614 0.9635 0.00131789
-0.267717 -0.273663 0.964 0.00131811
-0.267468 -0.273712 0.9645 0.00131834
-0.267717 -0.273663 0.965 0.00131811
-0.267965 -0.273614 0.9655 0.00131789
-0.268214 -0.273565 0.966 0.00131767
-0.268462 -0.273517 0.9665 0.00131745
-0.26871 -0.273468 0.967 0.00131722
-0.268959 -0.27342 0.9675 0.001317
-0.26948 -0.273377 0.968 0.00131926
-0.269997 -0.273334 0.9685 0.00132152
-0.270517 -0.273291 0.969 0.00132377
-0.271038 -0.273248 0.9695 0.00132603
-0.271554 -0.273205 0.97 0.00132828
-0.272074 -0.273162 0.9705 0.00133054
-0.272049 -0.273108 0.971 0.0013303
-0.272029 -0.273055 0.9715 0.00133007
-0.272005 -0.273002 0.972 0.00132983
-0.272524 -0.272959 0.9725 0.00132962
-0.273039 -0.272915 0.973 0.00132941
-0.273558 -0.272872 0.9735 0.0013292
-0.273534 -0.272819 0.974 0.00132897
-0.273514 -0.272767 0.9745 0.00132874
-0.27349 -0.272715 0.975 0.00132852
-0.27349 -0.272715 0.9755 0.00133098
-0.27349 -0.272715 0.976 0.00133344
-0.27349 -0.272715 0.9765 0.0013359
-0.273219 -0.272711 0.977 0.00133835
-0.272951 -0.272706 0.9775 0.0013408
-0.27268 -0.272702 0.978 0.00134326
-0.272409 -0.272698 0.9785 0.00134325
-0.272141 -0.272693 0.979 0.00134324
-0.27187 -0.272689 0.9795 0.00134324
-0.27187 -0.272689 0.98 0.00134324
-0.27187 -0.272689 0.9805 0.00134324
-0.27187 -0.272689 0.981 0.00134324
-0.271622 -0.272736 0.9815 0.00134345
-0.271374 -0.272783 0.982 0.00134367
-0.271126 -0.27283 0.9825 0.00134389
-0.270605 -0.272873 0.983 0.0013441
-0.27009 -0.272916 0.9835 0.00134431
-0.269569 -0.272958 0.984 0.00134452
-0.268325 -0.272568 0.9845 0.00134285
-0.267074 -0.272177 0.985 0.00134119
-0.265826 -0.271785 0.9855 0.00133952
-0.264595 -0.271444 0.986 0.00133807
-0.263367 -0.271104 0.9865 0.00133663
-0.262133 -0.270762 0.987 0.00133518
-0.261172 -0.270427 0.9875 0.00133375
-0.26021 -0.270094 0.988 0.00133232
-0.259247 -0.269759 0.9885 0.0013309
-0.257756 -0.269467 0.989 0.00132967
-0.256266 -0.269175 0.9895 0.00132845
-0.25477 -0.268882 0.99 0.00132722
-0.253485 -0.269069 0.9905 0.00132809
-0.252202 -0.269257 0.991 0.00132897
-0.250913 -0.269446 0.9915 0.00132985
-0.250155 -0.269595 0.992 0.00133053
-0.249396 -0.269745 0.9925 0.00133122
-0.248637 -0.269896 0.993 0.00133191
-0.248131 -0.269997 0.9935 0.00133238
-0.247624 -0.270098 0.994 0.00133284
-0.247117 -0.270199 0.9945 0.00133331
-0.246825 -0.270781 0.995 0.00133587
-0.246532 -0.271361 0.9955 0.00133843
-0.246239 -0.271943 0.996 0.001341
-0.246012 -0.272058 0.9965 0.00133903
-0.245781 -0.272173 0.997 0.00133706
-0.245554 -0.272289 0.9975 0.0013351
-0.245554 -0.272289 0.998 0.0013351
-0.245554 -0.272289 0.9985 0.0013351
-0.245554 -0.272289 0.999 0.0013351
-0.245808 -0.272237 0.9995 0.00133486
-0.246061 -0.272185 1 0.00133463
-0.246314 -0.272133 1.0005 0.00133439
-0.247101 -0.272042 1.001 0.00133396
-0.247883 -0.27195 1.0015 0.00133352
-0.248668 -0.271858 1.002 0.00133309
-0.2492 -0.271818 1.0025 0.00133538
-0.249727 -0.271778 1.003 0.00133766
-0.250259 -0.271737 1.0035 0.00133994
-0.250259 -0.271737 1.004 0.00133994
-0.250259 -0.271737 1.0045 0.00133994
-0.250259 -0.271737 1.005 0.00133994
-0.250538 -0.271749 1.0055 0.00133998
-0.250813 -0.27176 1.006 0.00134002
-0.251092 -0.271772 1.0065 0.00134006
-0.251371 -0.271784 1.007 0.0013401
-0.251646 -0.271795 1.0075 0.00134014
-0.251925 -0.271807 1.008 0.00134018
-0.251925 -0.271807 1.0085 0.00134266
-0.251925 -0.271807 1.009 0.00134514
-0.251925 -0.271807 1.0095 0.00134762
-0.251925 -0.271807 1.01 0.00135009
-0.251925 -0.271807 1.0105 0.00135257
-0.251925 -0.271807 1.011 0.00135505
-0.251925 -0.271807 1.0115 0.00135505
-0.251925 -0.271807 1.012 0.00135505
-0.251925 -0.271807 1.0125 0.00135505
-0.251646 -0.271795 1.013 0.00135501
-0.251371 -0.271784 1.0135 0.00135497
-0.251092 -0.271772 1.014 0.00135493
-0.251371 -0.271784 1.0145 0.00135745
-0.251646 -0.271795 1.015 0.00135997
-0.251925 -0.271807 1.0155 0.00136248
-0.251646 -0.271795 1.016 0.00136492
-0.251371 -0.271784 1.0165 0.00136736
-0.251092 -0.271772 1.017 0.0013698
-0.251092 -0.271772 1.0175 0.0013698
-0.251092 -0.271772 1.018 0.0013698
-0.251092 -0.271772 1.0185 0.0013698
-0.250773 -0.27229 1.019 0.00137209
-0.250458 -0.272807 1.0195 0.00137437
-0.250139 -0.273325 1.02 0.00137665
-0.249586 -0.273302 1.0205 0.00137658
-0.249028 -0.273279 1.021 0.00137651
-0.248474 -0.273257 1.0215 0.00137643
-0.248195 -0.273245 1.022 0.0013764
-0.24792 -0.273234 1.0225 0.00137636
-0.247641 -0.273223 1.023 0.00137633
-0.247323 -0.273741 1.0235 0.00137861
-0.247008 -0.274258 1.024 0.00138089
-0.24669 -0.274775 1.0245 0.00138317
-0.246451 -0.274236 1.025 0.00138082
-0.246215 -0.273697 1.0255 0.00137847
-0.245976 -0.273158 1.026 0.00137612
-0.245976 -0.273158 1.0265 0.00137612
-0.245976 -0.273158 1.027 0.00137612
-0.245976 -0.273158 1.0275 0.00137612
-0.245682 -0.273737 1.028 0.00137867
-0.24539 -0.274316 1.0285 0.00138122
-0.245097 -0.274895 1.029 0.00138377
-0.244843 -0.274946 1.0295 0.00138401
-0.244589 -0.274997 1.03 0.00138424
-0.244335 -0.275048 1.0305 0.00138448
-0.244107 -0.275162 1.031 0.00138499
-0.243874 -0.275277 1.0315 0.0013855
-0.243647 -0.275393 1.032 0.00138602
-0.243647 -0.275393 1.0325 0.00138602
-0.243647 -0.275393 1.033 0.00138602
-0.243647 -0.275393 1.0335 0.00138602
-0.243901 -0.275341 1.034 0.00138578
-0.244154 -0.275289 1.0345 0.00138554
-0.244408 -0.275237 1.035 0.0013853
-0.244941 -0.275197 1.0355 0.0013851
-0.24547 -0.275157 1.036 0.0013849
-0.246003 -0.275117 1.0365 0.0013847
-0.246771 -0.275617 1.037 0.00138686
-0.247542 -0.276116 1.0375 0.00138901
-0.248309 -0.276614 1.038 0.00139116
-0.248588 -0.276626 1.0385 0.00139119
-0.248862 -0.276638 1.039 0.00139123
-0.249141 -0.27665 1.0395 0.00139127
-0.249182 -0.276122 1.04 0.00138896
-0.249222 -0.275595 1.0405 0.00138664
-0.249262 -0.275066 1.041 0.00138433
-0.249262 -0.275066 1.0415 0.00138433
-0.249262 -0.275066 1.042 0.00138433
-0.249262 -0.275066 1.0425 0.00138433
-0.249262 -0.275066 1.043 0.00138681
-0.249262 -0.275066 1.0435 0.00138928
-0.249262 -0.275066 1.044 0.00139176
-0.249262 -0.275066 1.0445 0.00139424
-0.249262 -0.275066 1.045 0.00139671
-0.249262 -0.275066 1.0455 0.00139919
-0.248943 -0.275583 1.046 0.00140147
-0.248628 -0.276098 1.0465 0.00140374
-0.248309 -0.276614 1.047 0.00140602
-0.248309 -0.276614 1.0475 0.00140849
-0.248309 -0.276614 1.048 0.00141097
-0.248309 -0.276614 1.0485 0.00141345
-0.24803 -0.276603 1.049 0.00141589
-0.247755 -0.276591 1.0495 0.00141833
-0.247476 -0.276579 1.05 0.00142077
-0.246883 -0.277084 1.0505 0.00142301
-0.246285 -0.277587 1.051 0.00142524
-0.245692 -0.278092 1.0515 0.00142748
-0.245138 -0.278069 1.052 0.00142741
-0.244581 -0.278047 1.0525 0.00142735
-0.244027 -0.278025 1.053 0.00142728
-0.244067 -0.277498 1.0535 0.00142497
-0.244106 -0.276972 1.054 0.00142267
-0.244145 -0.276444 1.0545 0.00142036
-0.243827 -0.276961 1.055 0.00142264
-0.243513 -0.277476 1.0555 0.00142491
-0.243195 -0.277992 1.056 0.00142718
-0.243195 -0.277992 1.0565 0.00142718
-0.243195 -0.277992 1.057 0.00142718
-0.243195 -0.277992 1.0575 0.00142718
-0.243513 -0.277476 1.058 0.00142491
-0.243827 -0.276961 1.0585 0.00142264
-0.244145 -0.276444 1.059 0.00142036
-0.244106 -0.276972 1.0595 0.00142267
-0.244067 -0.277498 1.06 0.00142497
-0.244027 -0.278025 1.0605 0.00142728
-0.244306 -0.278036 1.061 0.00142731
-0.244581 -0.278047 1.0615 0.00142735
-0.244859 -0.278058 1.062 0.00142738
-0.245453 -0.277553 1.0625 0.00142266
-0.24605 -0.27705 1.063 0.00141795
-0.246644 -0.276545 1.0635 0.00141323
-0.246923 -0.276557 1.064 0.00141327
-0.247197 -0.276568 1.0645 0.0014133
-0.247476 -0.276579 1.065 0.00141334
-0.247436 -0.277107 1.0655 0.00141565
-0.247396 -0.277633 1.066 0.00141795
-0.247356 -0.27816 1.0665 0.00142026
-0.247396 -0.277633 1.067 0.00141548
-0.247436 -0.277107 1.0675 0.00141069
-0.247476 -0.276579 1.068 0.00140591
-0.247476 -0.276579 1.0685 0.00140343
-0.247476 -0.276579 1.069 0.00140095
-0.247476 -0.276579 1.0695 0.00139847
-0.247436 -0.277107 1.07 0.00140079
-0.247396 -0.277633 1.0705 0.00140309
-0.247356 -0.27816 1.071 0.0014054
-0.247396 -0.277633 1.0715 0.00140309
-0.247436 -0.277107 1.072 0.00140079
-0.247476 -0.276579 1.0725 0.00139847
-0.247476 -0.276579 1.073 0.00139847
-0.247476 -0.276579 1.0735 0.00139847
-0.247476 -0.276579 1.074 0.00139847
-0.247436 -0.277107 1.0745 0.00140326
-0.247396 -0.277633 1.075 0.00140805
-0.247356 -0.27816 1.0755 0.00141283
-0.247117 -0.277622 1.076 0.00141049
-0.246883 -0.277084 1.0765 0.00140814
-0.246644 -0.276545 1.077 0.0014058
-0.246644 -0.276545 1.0775 0.00140828
-0.246644 -0.276545 1.078 0.00141075
-0.246644 -0.276545 1.0785 0.00141323
-0.24605 -0.27705 1.079 0.00141795
-0.245453 -0.277553 1.0795 0.00142266
-0.244859 -0.278058 1.08 0.00142738
-0.244581 -0.278047 1.0805 0.00142735
-0.244306 -0.278036 1.081 0.00142731
-0.244027 -0.278025 1.0815 0.00142728
-0.243788 -0.277487 1.082 0.00142494
-0.243552 -0.27695 1.0825 0.00142261
-0.243313 -0.276412 1.083 0.00142027
-0.243552 -0.27695 1.0835 0.00142261
-0.243788 -0.277487 1.084 0.00142494
-0.244027 -0.278025 1.0845 0.00142728
-0.243748 -0.278014 1.085 0.00142725
-0.243473 -0.278003 1.0855 0.00142722
-0.243195 -0.277992 1.086 0.00142718
-0.243513 -0.277476 1.0865 0.00142491
-0.243827 -0.276961 1.087 0.00142264
-0.244145 -0.276444 1.0875 0.00142036
-0.243827 -0.276961 1.088 0.00142264
-0.243513 -0.277476 1.0885 0.00142491
-0.243195 -0.277992 1.089 0.00142718
-0.243195 -0.277992 1.0895 0.00142718
-0.243195 -0.277992 1.09 0.00142718
-0.243195 -0.277992 1.0905 0.00142718
-0.243234 -0.277465 1.091 0.0014224
-0.243273 -0.276939 1.0915 0.00141761
-0.243313 -0.276412 1.092 0.00141283
-0.242994 -0.276928 1.0925 0.00141758
-0.24268 -0.277444 1.093 0.00142233
-0.242362 -0.27796 1.0935 0.00142709
-0.242083 -0.277949 1.094 0.00142706
-0.241809 -0.277939 1.0945 0.00142702
-0.24153 -0.277928 1.095 0.00142699
-0.241569 -0.277401 1.0955 0.00142469
-0.241608 -0.276875 1.096 0.00142239
-0.241647 -0.276348 1.0965 0.00142008
-0.241608 -0.276875 1.097 0.00142239
-0.241569 -0.277401 1.0975 0.00142469
-0.24153 -0.277928 1.098 0.00142699
-0.241251 -0.277917 1.0985 0.00142696
-0.240976 -0.277907 1.099 0.00142693
-0.240697 -0.277897 1.0995 0.0014269
-0.240457 -0.27736 1.1 0.00142457
-0.240221 -0.276823 1.1005 0.00142223
-0.239981 -0.276286 1.101 0.0014199
-0.239942 -0.276813 1.1015 0.0014222
-0.239903 -0.277339 1.102 0.00142451
-0.239864 -0.277866 1.1025 0.00142681
-0.239864 -0.277866 1.103 0.00142681
-0.239864 -0.277866 1.1035 0.00142681
-0.239864 -0.277866 1.104 0.00142681
-0.239903 -0.277339 1.1045 0.00142451
-0.239942 -0.276813 1.105 0.0014222
-0.239981 -0.276286 1.1055 0.0014199
-0.239942 -0.276813 1.106 0.0014222
-0.239903 -0.277339 1.1065 0.00142451
-0.239864 -0.277866 1.107 0.00142681
-0.239864 -0.277866 1.1075 0.00142681
-0.239864 -0.277866 1.108 0.00142681
-0.239864 -0.277866 1.1085 0.00142681
-0.239903 -0.277339 1.109 0.00142451
-0.239942 -0.276813 1.1095 0.0014222
-0.239981 -0.276286 1.11 0.0014199
-0.239981 -0.276286 1.1105 0.0014199
-0.239981 -0.276286 1.111 0.0014199
-0.239981 -0.276286 1.1115 0.0014199
-0.239942 -0.276813 1.112 0.0014222
-0.239903 -0.277339 1.1125 0.00142451
-0.239864 -0.277866 1.113 0.00142681
-0.239903 -0.277339 1.1135 0.00142451
-0.239942 -0.276813 1.114 0.0014222
-0.239981 -0.276286 1.1145 0.0014199
-0.239981 -0.276286 1.115 0.0014199
-0.239981 -0.276286 1.1155 0.0014199
-0.239981 -0.276286 1.116 0.0014199
-0.239942 -0.276813 1.1165 0.0014222
-0.239903 -0.277339 1.117 0.00142451
-0.239864 -0.277866 1.1175 0.00142681
-0.239903 -0.277339 1.118 0.00142451
-0.239942 -0.276813 1.1185 0.0014222
-0.239981 -0.276286 1.119 0.0014199
-0.239981 -0.276286 1.1195 0.0014199
-0.239981 -0.276286 1.12 0.0014199
-0.239981 -0.276286 1.1205 0.0014199
-0.239942 -0.276813 1.121 0.0014222
-0.239903 -0.277339 1.1215 0.00142451
-0.239864 -0.277866 1.122 0.00142681
-0.239903 -0.277339 1.1225 0.00142451
-0.239942 -0.276813 1.123 0.0014222
-0.239981 -0.276286 1.1235 0.0014199
-0.239981 -0.276286 1.124 0.0014199
-0.239981 -0.276286 1.1245 0.0014199
-0.239981 -0.276286 1.125 0.0014199
-0.239942 -0.276813 1.1255 0.0014222
-0.239903 -0.277339 1.126 0.00142451
-0.239864 -0.277866 1.1265 0.00142681
-0.239903 -0.277339 1.127 0.00142451
-0.239942 -0.276813 1.1275 0.0014222
-0.239981 -0.276286 1.128 0.0014199
-0.239981 -0.276286 1.1285 0.0014199
-0.239981 -0.276286 1.129 0.0014199
-0.239981 -0.276286 1.1295 0.0014199
-0.239942 -0.276813 1.13 0.0014222
-0.239903 -0.277339 1.1305 0.00142451
-0.239864 -0.277866 1.131 0.00142681
-0.239903 -0.277339 1.1315 0.00142451
-0.239942 -0.276813 1.132 0.0014222
-0.239981 -0.276286 1.1325 0.0014199
-0.239981 -0.276286 1.133 0.0014199
-0.239981 -0.276286 1.1335 0.0014199
-0.239981 -0.276286 1.134 0.0014199
-0.239942 -0.276813 1.1345 0.0014222
-0.239903 -0.277339 1.135 0.00142451
-0.239864 -0.277866 1.1355 0.00142681
-0.239903 -0.277339 1.136 0.00142451
-0.239942 -0.276813 1.1365 0.0014222
-0.239981 -0.276286 1.137 0.0014199
-0.239981 -0.276286 1.1375 0.0014199
-0.239981 -0.276286 1.138 0.0014199
-0.239981 -0.276286 1.1385 0.0014199
-0.239942 -0.276813 1.139 0.0014222
-0.239903 -0.277339 1.1395 0.00142451
-0.239864 -0.277866 1.14 0.00142681
-0.239864 -0.277866 1.1405 0.00142681
-0.239864 -0.277866 1.141 0.00142681
-0.239864 -0.277866 1.1415 0.00142681
-0.239903 -0.277339 1.142 0.00142451
-0.239942 -0.276813 1.1425 0.0014222
-0.239981 -0.276286 1.143 0.0014199
-0.239942 -0.276813 1.1435 0.0014222
-0.239903 -0.277339 1.144 0.00142451
-0.239864 -0.277866 1.1445 0.00142681
-0.239864 -0.277866 1.145 0.00142681
-0.239864 -0.277866 1.1455 0.00142681
-0.239864 -0.277866 1.146 0.00142681
-0.239903 -0.277339 1.1465 0.00142451
-0.239942 -0.276813 1.147 0.0014222
-0.239981 -0.276286 1.1475 0.0014199
-0.239942 -0.276813 1.148 0.0014222
-0.239903 -0.277339 1.1485 0.00142451
-0.239864 -0.277866 1.149 0.00142681
-0.239864 -0.277866 1.1495 0.00142681
-0.239864 -0.277866 1.15 0.00142681
-0.239864 -0.277866 1.1505 0.00142681
-0.239903 -0.277339 1.151 0.00142451
-0.239942 -0.276813 1.1515 0.0014222
-0.239981 -0.276286 1.152 0.0014199
-0.239981 -0.276286 1.1525 0.0014199
-0.239981 -0.276286 1.153 0.0014199
-0.239981 -0.276286 1.1535 0.0014199
-0.239942 -0.276813 1.154 0.0014222
-0.239903 -0.277339 1.1545 0.00142451
-0.239864 -0.277866 1.155 0.00142681
-0.239903 -0.277339 1.1555 0.00142451
-0.239942 -0.276813 1.156 0.0014222
-0.239981 -0.276286 1.1565 0.0014199
-0.239942 -0.276813 1.157 0.0014222
-0.239903 -0.277339 1.1575 0.00142451
-0.239864 -0.277866 1.158 0.00142681
-0.239864 -0.277866 1.1585 0.00142681
-0.239864 -0.277866 1.159 0.00142681
-0.239864 -0.277866 1.1595 0.00142681
-0.239903 -0.277339 1.16 0.00142451
-0.239942 -0.276813 1.1605 0.0014222
-0.239981 -0.276286 1.161 0.0014199
-0.239981 -0.276286 1.1615 0.0014199
-0.239981 -0.276286 1.162 0.0014199
-0.239981 -0.276286 1.1625 0.0014199
-0.239942 -0.276813 1.163 0.0014222
-0.239903 -0.277339 1.1635 0.00142451
-0.239864 -0.277866 1.164 0.00142681
-0.239903 -0.277339 1.1645 0.00142451
-0.239942 -0.276813 1.165 0.0014222
-0.239981 -0.276286 1.1655 0.0014199
-0.239981 -0.276286 1.166 0.0014199
-0.239981 -0.276286 1.1665 0.0014199
-0.239981 -0.276286 1.167 0.0014199
-0.239942 -0.276813 1.1675 0.0014222
-0.239903 -0.277339 1.168 0.00142451
-0.239864 -0.277866 1.1685 0.00142681
-0.239903 -0.277339 1.169 0.00142451
-0.239942 -0.276813 1.1695 0.0014222
-0.239981 -0.276286 1.17 0.0014199
-0.239981 -0.276286 1.1705 0.0014199
-0.239981 -0.276286 1.171 0.0014199
-0.239981 -0.276286 1.1715 0.0014199
-0.239942 -0.276813 1.172 0.0014222
-0.239903 -0.277339 1.1725 0.00142451
-0.239864 -0.277866 1.173 0.00142681
-0.239903 -0.277339 1.1735 0.00142451
-0.239942 -0.276813 1.174 0.0014222
-0.239981 -0.276286 1.1745 0.0014199
-0.239981 -0.276286 1.175 0.0014199
-0.239981 -0.276286 1.1755 0.0014199
-0.239981 -0.276286 1.176 0.0014199
-0.239942 -0.276813 1.1765 0.0014222
-0.239903 -0.277339 1.177 0.00142451
-0.239864 -0.277866 1.1775 0.00142681
-0.239903 -0.277339 1.178 0.00142451
-0.239942 -0.276813 1.1785 0.0014222
-0.239981 -0.276286 1.179 0.0014199
-0.239981 -0.276286 1.1795 0.0014199
-0.239981 -0.276286 1.18 0.0014199
-0.239981 -0.276286 1.1805 0.0014199
-0.239942 -0.276813 1.181 0.0014222
-0.239903 -0.277339 1.1815 0.00142451
-0.239864 -0.277866 1.182 0.00142681
-0.239903 -0.277339 1.1825 0.00142451
-0.239942 -0.276813 1.183 0.0014222
-0.239981 -0.276286 1.1835 0.0014199
-0.239981 -0.276286 1.184 0.0014199
-0.239981 -0.276286 1.1845 0.0014199
-0.239981 -0.276286 1.185 0.0014199
-0.239942 -0.276813 1.1855 0.0014222
-0.239903 -0.277339 1.186 0.00142451
-0.239864 -0.277866 1.1865 0.00142681
-0.239903 -0.277339 1.187 0.00142451
-0.239942 -0.276813 1.1875 0.0014222
-0.239981 -0.276286 1.188 0.0014199
-0.239981 -0.276286 1.1885 0.0014199
-0.239981 -0.276286 1.189 0.0014199
-0.239981 -0.276286 1.1895 0.0014199
-0.239942 -0.276813 1.19 0.0014222
-0.239903 -0.277339 1.1905 0.00142451
-0.239864 -0.277866 1.191 0.00142681
-0.239864 -0.277866 1.1915 0.00142681
-0.239864 -0.277866 1.192 0.00142681
-0.239864 -0.277866 1.1925 0.00142681
-0.239903 -0.277339 1.193 0.00142451
-0.239942 -0.276813 1.1935 0.0014222
-0.239981 -0.276286 1.194 0.0014199
-0.239942 -0.276813 1.1945 0.0014222
-0.239903 -0.277339 1.195 0.00142451
-0.239864 -0.277866 1.1955 0.00142681
-0.239864 -0.277866 1.196 0.00142681
-0.239864 -0.277866 1.1965 0.00142681
-0.239864 -0.277866 1.197 0.00142681
-0.239903 -0.277339 1.1975 0.00142451
-0.239942 -0.276813 1.198 0.0014222
-0.239981 -0.276286 1.1985 0.0014199
-0.239942 -0.276813 1.199 0.0014222
-0.239903 -0.277339 1.1995 0.00142451
-0.239864 -0.277866 1.2 0.00142681
-0.239864 -0.277866 1.2005 0.00142681
-0.239864 -0.277866 1.201 0.00142681
-0.239864 -0.277866 1.2015 0.00142681
-0.239903 -0.277339 1.202 0.00142451
-0.239942 -0.276813 1.2025 0.0014222
-0.239981 -0.276286 1.203 0.0014199
-0.239942 -0.276813 1.2035 0.0014222
-0.239903 -0.277339 1.204 0.00142451
-0.239864 -0.277866 1.2045 0.00142681
-0.239864 -0.277866 1.205 0.00142681
-0.239864 -0.277866 1.2055 0.00142681
-0.239864 -0.277866 1.206 0.00142681
-0.239903 -0.277339 1.2065 0.00142451
-0.239942 -0.276813 1.207 0.0014222
-0.239981 -0.276286 1.2075 0.0014199
-0.239942 -0.276813 1.208 0.0014222
-0.239903 -0.277339 1.2085 0.00142451
-0.239864 -0.277866 1.209 0.00142681
-0.239864 -0.277866 1.2095 0.00142681
-0.239864 -0.277866 1.21 0.00142681
-0.239864 -0.277866 1.2105 0.00142681
-0.239903 -0.277339 1.211 0.00142451
-0.239942 -0.276813 1.2115 0.0014222
-0.239981 -0.276286 1.212 0.0014199
-0.239942 -0.276813 1.2125 0.0014222
-0.239903 -0.277339 1.213 0.00142451
-0.239864 -0.277866 1.2135 0.00142681
-0.239864 -0.277866 1.214 0.00142681
-0.239864 -0.277866 1.2145 0.00142681
-0.239864 -0.277866 1.215 0.00142681
-0.239903 -0.277339 1.2155 0.00142451
-0.239942 -0.276813 1.216 0.0014222
-0.239981 -0.276286 1.2165 0.0014199
-0.239981 -0.276286 1.217 0.0014199
-0.239981 -0.276286 1.2175 0.0014199
-0.239981 -0.276286 1.218 0.0014199
-0.239942 -0.276813 1.2185 0.0014222
-0.239903 -0.277339 1.219 0.00142451
-0.239864 -0.277866 1.2195 0.00142681
-0.239903 -0.277339 1.22 0.00142451
-0.239942 -0.276813 1.2205 0.0014222
-0.239981 -0.276286 1.221 0.0014199
-0.239981 -0.276286 1.2215 0.0014199
-0.239981 -0.276286 1.222 0.0014199
-0.239981 -0.276286 1.2225 0.0014199
-0.239942 -0.276813 1.223 0.0014222
-0.239903 -0.277339 1.2235 0.00142451
-0.239864 -0.277866 1.224 0.00142681
-0.239903 -0.277339 1.2245 0.00142451
-0.239942 -0.276813 1.225 0.0014222
-0.239981 -0.276286 1.2255 0.0014199
-0.239981 -0.276286 1.226 0.0014199
-0.239981 -0.276286 1.2265 0.0014199
-0.239981 -0.276286 1.227 0.0014199
-0.239942 -0.276813 1.2275 0.0014222
-0.239903 -0.277339 1.228 0.00142451
-0.239864 -0.277866 1.2285 0.00142681
-0.239903 -0.277339 1.229 0.00142451
-0.239942 -0.276813 1.2295 0.0014222
-0.239981 -0.276286 1.23 0.0014199
-0.239981 -0.276286 1.2305 0.0014199
-0.239981 -0.276286 1.231 0.0014199
-0.239981 -0.276286 1.2315 0.0014199
-0.239942 -0.276813 1.232 0.0014222
-0.239903 -0.277339 1.2325 0.00142451
-0.239864 -0.277866 1.233 0.00142681
-0.239903 -0.277339 1.2335 0.00142451
-0.239942 -0.276813 1.234 0.0014222
-0.239981 -0.276286 1.2345 0.0014199
-0.239981 -0.276286 1.235 0.0014199
-0.239981 -0.276286 1.2355 0.0014199
-0.239981 -0.276286 1.236 0.0014199
-0.239942 -0.276813 1.2365 0.0014222
-0.239903 -0.277339 1.237 0.00142451
-0.239864 -0.277866 1.2375 0.00142681
-0.239864 -0.277866 1.238 0.00142681
-0.239864 -0.277866 1.2385 0.00142681
-0.239864 -0.277866 1.239 0.00142681
-0.239903 -0.277339 1.2395 0.00142451
-0.239942 -0.276813 1.24 0.0014222
0.478184 0.00417256 1.2405 8.56181e-26
