1207 93
1207 93
1207 93
1207 93
1207.67 93
1208.33 93
1209 93
1208.33 93
1207.67 93
1207 93
1207.67 92.3333
1208.33 91.6667
1209 91
1208.33 90.3333
1207.67 89.6667
1207 89
1207.67 89
1208.33 89
1209 89
1208.33 89
1207.67 89
1207 89
1207.67 89
1208.33 89
1209 89
1209 89
1209 89
1209 89
1209 89
1209 89
1209 89
1209 89
1209 89
1209 89
1209 89
1209 89
1209 89
1209 89
1209 89
1209 89
1209 89
1209 89
1209 89
1209 88.3333
1209 87.6667
1209 87
1209 86.3333
1209 85.6667
1209 85
1209 85
1209 85
1209 85
1209 85
1209 85
1209 85
1209 85
1209 85
1209 85
1209 85
1209 85
1209 85
1209 84.3333
1209 83.6667
1209 83
1208.33 82.3333
1207.67 81.6667
1207 81
1207 81.6667
1207 82.3333
1207 83
1207 83
1207 83
1207 83
1206.33 83
1205.67 83
1205 83
1204.33 83.6667
1203.67 84.3333
1203 85
1203 85.6667
1203 86.3333
1203 87
1203 87.6667
1203 88.3333
1203 89
1202.33 90.3333
1201.67 91.6667
1201 93
1199.67 93.6667
1198.33 94.3333
1197 95
1195 96.3333
1193 97.6667
1191 99
1188.33 101
1185.67 103
1183 105
1180.33 108.333
1177.67 111.667
1175 115
1171.67 117.667
1168.33 120.333
1165 123
1161 127.667
1157 132.333
1153 137
1147.67 141
1142.33 145
1137 149
1129 153.667
1121 158.333
1113 163
1118.33 159
1123.67 155
1129 151
1128.33 149
1127.67 147
1127 145
1127.67 143
1128.33 141
1129 139
1127.67 137.667
1126.33 136.333
1125 135
1123.67 134.333
1122.33 133.667
1121 133
1119.67 132.333
1118.33 131.667
1117 131
1115 131
1113 131
1111 131
1109 131
1107 131
1105 131
1104.33 131
1103.67 131
1103 131
1103 130.333
1103 129.667
1103 129
1103.67 127.667
1104.33 126.333
1105 125
1105 125
1105 125
1105 125
1103.67 125.667
1102.33 126.333
1101 127
1099.67 127.667
1098.33 128.333
1097 129
1096.33 129.667
1095.67 130.333
1095 131
1094.33 131.667
1093.67 132.333
1093 133
1093 133
1093 133
1093 133
1093 133
1093 133
1093 133
1093 133
1093 133
1093 133
1093 133
1093 133
1093 133
1093 133
1093 133
1093 133
1093 133
1093 133
1093 133
1093 133
1093 133
1093 133
1093 133
1093 133
1093 133
1093 133
1093 133
1093 133
1093 133
1093 133
1093 133
1093 133
1093 133
1093 133
1093 133
1093 133
1093 133
1093 133.667
1093 134.333
1093 135
1092.33 135.667
1091.67 136.333
1091 137
1091 137.667
1091 138.333
1091 139
1091 139.667
1091 140.333
1091 141
1090.33 142.333
1089.67 143.667
1089 145
1089 145.667
1089 146.333
1089 147
1088.33 147
1087.67 147
1087 147
1087 147
1087 147
1087 147
1087 147
1087 147
1087 147
1087 147
1087 147
1087 147
1087 147.667
1087 148.333
1087 149
1087 150.333
1087 151.667
1087 153
1087 154.333
1087 155.667
1087 157
1087 158.333
1087 159.667
1087 161
1086.33 162.333
1085.67 163.667
1085 165
1084.33 166.333
1083.67 167.667
1083 169
1083 170.333
1083 171.667
1083 173
1083 173.667
1083 174.333
1083 175
1082.33 175.667
1081.67 176.333
1081 177
1080.33 177.667
1079.67 178.333
1079 179
1079 179.667
1079 180.333
1079 181
1079 181.667
1079 182.333
1079 183
1079 183
1079 183
1079 183
1079.67 183
1080.33 183
1081 183
1081.67 183
1082.33 183
1083 183
1084.33 183.667
1085.67 184.333
1087 185
1088.33 185.667
1089.67 186.333
1091 187
1091.67 187.667
1092.33 188.333
1093 189
1093 189.667
1093 190.333
1093 191
1093 191.667
1093 192.333
1093 193
1093 193.667
1093 194.333
1093 195
1093 195
1093 195
1093 195
1093 195
1093 195
1093 195
1092.33 195
1091.67 195
1091 195
1091.67 195
1092.33 195
1093 195
1092.33 195
1091.67 195
1091 195
1091.67 195
1092.33 195
1093 195
1092.33 195
1091.67 195
1091 195
1091 195
1091 195
1091 195
1091 195
1091 195
1091 195
1090.33 195
1089.67 195
1089 195
1088.33 195
1087.67 195
1087 195
1087 194.333
1087 193.667
1087 193
1086.33 193
1085.67 193
1085 193
1084.33 193
1083.67 193
1083 193
1083 192.333
1083 191.667
1083 191
1082.33 190.333
1081.67 189.667
1081 189
1080.33 189
1079.67 189
1079 189
1079 189
1079 189
1079 189
1079 189
1079 189
1079 189
1079 189
1079 189
1079 189
1079 189
1079 189
1079 189
1079 188.333
1079 187.667
1079 187
1079 187
1079 187
1079 187
1079 187
1079 187
1079 187
1079 187
1079 187
1079 187
1079 187
1079 187
1079 187
1079 187
1079 187
1079 187
1079 187
1079 187
1079 187
1079.67 187
1080.33 187
1081 187
1080.33 187
1079.67 187
1079 187
1079.67 187.667
1080.33 188.333
1081 189
1081 189.667
1081 190.333
1081 191
1081 191
1081 191
1081 191
1081.67 191
1082.33 191
1083 191
1083.67 191.667
1084.33 192.333
1085 193
1085 193.667
1085 194.333
1085 195
1085 195
1085 195
1085 195
1085 195
1085 195
1085 195
1085 195
1085 195
1085 195
1085 195.667
1085 196.333
1085 197
1085 197.667
1085 198.333
1085 199
1085 199
1085 199
1085 199
1085 199
1085 199
1085 199
1085 199
1085 199
1085 199
1085 199
1085 199
1085 199
1085 199.667
1085 200.333
1085 201
1085.67 201.667
1086.33 202.333
1087 203
1087 203
1087 203
1087 203
1087 203
1087 203
1087 203
1087 203
1087 203
1087 203
1087 203
1087 203
1087 203
1087 203
1087 203
1087 203
1087 203
1087 203
1087 203
1087 203
1087 203
1087 203
1087 203
1087 203
1087 203
1087 203
1087 203
1087 203
1087 203
1087 203
1087 203
1087 203
1087 203
1087 203
1087 202.333
1087 201.667
1087 201
1087 201.667
1087 202.333
1087 203
1087 202.333
1087 201.667
1087 201
1087 201
1087 201
1087 201
1087 201
1087 201
1087 201
1087 201
1087 201
1087 201
1086.33 201
1085.67 201
1085 201
1084.33 201
1083.67 201
1083 201
1083.67 201
1084.33 201
1085 201
1084.33 201
1083.67 201
1083 201
1083.67 201
1084.33 201
1085 201
1084.33 201
1083.67 201
1083 201
1083 201
1083 201
1083 201
1083 201
1083 201
1083 201
1083 201
1083 201
1083 201
1083 201
1083 201
1083 201
1083 201
1083 201
1083 201
1083 201
1083 201
1083 201
1083 201
1083 201
1083 201
1083 201
1083 201
1083 201
1083 201
1083 201
1083 201
1083 201
1083 201
1083 201
1083 201
1083 201
1083 201
1083 201
1083 201
1083 201
1083 201
1083 201
1083 201
1083 201
1083 201
1083 201
1083 201
1083 201
1083 201
1083 201
1083 201
1083 201
1083.67 201
1084.33 201
1085 201
1084.33 201
1083.67 201
1083 201
1083.67 201
1084.33 201
1085 201
1084.33 201
1083.67 201
1083 201
1083.67 201
1084.33 201
1085 201
1085 200.333
1085 199.667
1085 199
1085 198.333
1085 197.667
1085 197
1085 197.667
1085 198.333
1085 199
1085 198.333
1085 197.667
1085 197
1085 197.667
1085 198.333
1085 199
1085 198.333
1085 197.667
1085 197
1085 197
1085 197
1085 197
1085 197
1085 197
1085 197
1085 197
1085 197
1085 197
1085 197
1085 197
1085 197
1085 197
1085 197
1085 197
1085 197
1085 197
1085 197
1085 196.333
1085 195.667
1085 195
1085 194.333
1085 193.667
1085 193
1085 193
1085 193
1085 193
1085 193.667
1085 194.333
1085 195
1085 194.333
1085 193.667
1085 193
1085 193.667
1085 194.333
1085 195
1085 194.333
1085 193.667
1085 193
1085 193.667
1085 194.333
1085 195
1084.33 195
1083.67 195
1083 195
1083.67 195
1084.33 195
1085 195
1085 195
1085 195
1085 195
1085 195
1085 195
1085 195
1085 195
1085 195
1085 195
1085 195
1085 195
1085 195
1085 195
1085 195
1085 195
1085 195
1085 195
1085 195
1085 195
1085 195
1085 195
1085 195
1085 195
1085 195
1085 194.333
1085 193.667
1085 193
1085 193
1085 193
1085 193
1085 193
1085 193
1085 193
1085 193
1085 193
1085 193
1085 192.333
1085 191.667
1085 191
1085 190.333
1085 189.667
1085 189
1085 189
1085 189
1085 189
1084.33 189
1083.67 189
1083 189
1083.67 189
1084.33 189
1085 189
1084.33 189
1083.67 189
1083 189
1083.67 189
1084.33 189
1085 189
1084.33 189
1083.67 189
1083 189
1083.67 189
1084.33 189
1085 189
1084.33 189
1083.67 189
1083 189
1083.67 189
1084.33 189
1085 189
1085 189
1085 189
1085 189
1085 189
1085 189
1085 189
1085 189
1085 189
1085 189
1085 189
1085 189
1085 189
1085 189
1085 189
1085 189
1085.67 188.333
1086.33 187.667
1087 187
1087 186.333
1087 185.667
1087 185
1087 185
1087 185
1087 185
1087 184.333
1087 183.667
1087 183
1087 182.333
1087 181.667
1087 181
1087 180.333
1087 179.667
1087 179
1086.33 178.333
1085.67 177.667
1085 177
1084.33 177
1083.67 177
1083 177
1083 177
1083 177
1083 177
1083 177
1083 177
1083 177
1083 177
1083 177
1083 177
1082.33 176.333
1081.67 175.667
1081 175
1080.33 174.333
1079.67 173.667
1079 173
1079 173
1079 173
1079 173
1079 173
1079 173
1079 173
1079 173
1079 173
1079 173
1079 173
1079 173
1079 173
1079 173
1079 173
1079 173
1079 173
1079 173
1079 173
1079 172.333
1079 171.667
1079 171
1079 170.333
1079 169.667
1079 169
1079 169
1079 169
1079 169
1079 169
1079 169
1079 169
1079 168.333
1079 167.667
1079 167
1079.67 166.333
1080.33 165.667
1081 165
1080.33 165
1079.67 165
1079 165
1079.67 165
1080.33 165
1081 165
1080.33 165
1079.67 165
1079 165
1079.67 165
1080.33 165
1081 165
1080.33 165
1079.67 165
1079 165
1079 165.667
1079 166.333
1079 167
1079 166.333
1079 165.667
1079 165
1079 165.667
1079 166.333
1079 167
1079 166.333
1079 165.667
1079 165
1079 165.667
1079 166.333
1079 167
1079 166.333
1079 165.667
1079 165
1079 165
1079 165
1079 165
1079 165
1079 165
1079 165
1079.67 165
1080.33 165
1081 165
1080.33 165
1079.67 165
1079 165
1079.67 164.333
1080.33 163.667
1081 163
1081 162.333
1081 161.667
1081 161
1081 161
1081 161
1081 161
1081 161
1081 161
1081 161
1081 161
1081 161
1081 161
1081 161
1081 161
1081 161
1081 160.333
1081 159.667
1081 159
1081 158.333
1081 157.667
1081 157
1081.67 157
1082.33 157
1083 157
1083 156.333
1083 155.667
1083 155
1083 154.333
1083 153.667
1083 153
1083 153
1083 153
1083 153
1083 152.333
1083 151.667
1083 151
1082.33 150.333
1081.67 149.667
1081 149
1080.33 149
1079.67 149
1079 149
1079 149
1079 149
1079 149
1079 149
1079 149
1079 149
1079 149
1079 149
1079 149
1078.33 149
1077.67 149
1077 149
1076.33 149
1075.67 149
1075 149
1075.67 149
1076.33 149
1077 149
1076.33 149
1075.67 149
1075 149
1075.67 149
1076.33 149
1077 149
1077 148.333
1077 147.667
1077 147
1077 145.667
1077 144.333
1077 143
1077 142.333
1077 141.667
1077 141
1077 141
1077 141
1077 141
1077 141.667
1077 142.333
1077 143
1077 143
1077 143
1077 143
1077 143.667
1077 144.333
1077 145
1077 145.667
1077 146.333
1077 147
1077 147
1077 147
1077 147
1077 147
1077 147
1077 147
1077 147
1077 147
1077 147
1077.67 147
1078.33 147
1079 147
1079.67 147
1080.33 147
1081 147
1081 147
1081 147
1081 147
1081 146.333
1081 145.667
1081 145
1081 145
1081 145
1081 145
1081 144.333
1081 143.667
1081 143
1080.33 141.667
1079.67 140.333
1079 139
1079 138.333
1079 137.667
1079 137
1079 137
1079 137
1079 137
1078.33 137
1077.67 137
1077 137
1076.33 137
1075.67 137
1075 137
1075 137.667
1075 138.333
1075 139
1075 139
1075 139
1075 139
1075 139.667
1075 140.333
1075 141
1075.67 142.333
1076.33 143.667
1077 145
1076.33 145
1075.67 145
1075 145
1075.67 145
1076.33 145
1077 145
1077 145
1077 145
1077 145
1077 144.333
1077 143.667
1077 143
1077 141.667
1077 140.333
1077 139
1076.33 138.333
1075.67 137.667
1075 137
1075 136.333
1075 135.667
1075 135
1075 134.333
1075 133.667
1075 133
1075 133
1075 133
1075 133
1074.33 133
1073.67 133
1073 133
1073 133
1073 133
1073 133
1073 133
1073 133
1073 133
1073 133
1073 133
1073 133
1073 133
1073 133
1073 133
1073.67 133
1074.33 133
1075 133
1075.67 132.333
1076.33 131.667
1077 131
1076.33 130.333
1075.67 129.667
1075 129
1075 129
1075 129
1075 129
1075 128.333
1075 127.667
1075 127
1074.33 125.667
1073.67 124.333
1073 123
1072.33 122.333
1071.67 121.667
1071 121
1071 121
1071 121
1071 121
1071 121
1071 121
1071 121
1071.67 121
1072.33 121
1073 121
1072.33 121.667
1071.67 122.333
1071 123
1071.67 123
1072.33 123
1073 123
1072.33 123.667
1071.67 124.333
1071 125
1071.67 126.333
1072.33 127.667
1073 129
1073 129.667
1073 130.333
1073 131
1073 131
1073 131
1073 131
1073 131.667
1073 132.333
1073 133
1072.33 133.667
1071.67 134.333
1071 135
1071.67 134.333
1072.33 133.667
1073 133
1072.33 133
1071.67 133
1071 133
1071 133
1071 133
1071 133
1071 133
1071 133
1071 133
1071 132.333
1071 131.667
1071 131
1070.33 130.333
1069.67 129.667
1069 129
1068.33 129.667
1067.67 130.333
1067 131
1067.67 130.333
1068.33 129.667
1069 129
1068.33 129
1067.67 129
1067 129
1067.67 129
1068.33 129
1069 129
1068.33 129
1067.67 129
1067 129
1067.67 129
1068.33 129
1069 129
1069 128.333
1069 127.667
1069 127
1069 126.333
1069 125.667
1069 125
1069 125
1069 125
1069 125
1069 125
1069 125
1069 125
1069 125
1069 125
1069 125
1069 124.333
1069 123.667
1069 123
1069 121.667
1069 120.333
1069 119
1069 118.333
1069 117.667
1069 117
1068.33 117
1067.67 117
1067 117
1067.67 117
1068.33 117
1069 117
1068.33 117
1067.67 117
1067 117
1067 117
1067 117
1067 117
1066.33 117
1065.67 117
1065 117
1064.33 117
1063.67 117
1063 117
1063.67 117
1064.33 117
1065 117
1064.33 117
1063.67 117
1063 117
1063.67 117
1064.33 117
1065 117
1064.33 117
1063.67 117
1063 117
1063.67 117
1064.33 117
1065 117
1064.33 117
1063.67 117
1063 117
1063.67 117
1064.33 117
1065 117
1065 117
1065 117
1065 117
1065 117
1065 117
1065 117
1065 117
1065 117
1065 117
1065.67 117
1066.33 117
1067 117
1067.67 117
1068.33 117
1069 117
1069 117
1069 117
1069 117
1069 117
1069 117
1069 117
1069 117
1069 117
1069 117
1069 116.333
1069 115.667
1069 115
1069 114.333
1069 113.667
1069 113
1069 113
1069 113
1069 113
1069 113
1069 113
1069 113
1069 112.333
1069 111.667
1069 111
1068.33 110.333
1067.67 109.667
1067 109
1067.67 109
1068.33 109
1069 109
1068.33 108.333
1067.67 107.667
1067 107
1067 106.333
1067 105.667
1067 105
1067 105
1067 105
1067 105
1067 104.333
1067 103.667
1067 103
1067 102.333
1067 101.667
1067 101
1067 101
1067 101
1067 101
1066.33 101
1065.67 101
1065 101
1064.33 101
1063.67 101
1063 101
1063.67 101
1064.33 101
1065 101
1064.33 101
1063.67 101
1063 101
1063.67 101.667
1064.33 102.333
1065 103
1064.33 103.667
1063.67 104.333
1063 105
1063 106.333
1063 107.667
1063 109
1063 109.667
1063 110.333
1063 111
1063.67 111
1064.33 111
1065 111
1064.33 111
1063.67 111
1063 111
1063.67 111
1064.33 111
1065 111
1064.33 111
1063.67 111
1063 111
1063.67 111
1064.33 111
1065 111
1064.33 110.333
1063.67 109.667
1063 109
1063 109
1063 109
1063 109
1063 109
1063 109
1063 109
1063 108.333
1063 107.667
1063 107
1062.33 105.667
1061.67 104.333
1061 103
1060.33 102.333
1059.67 101.667
1059 101
1059 101
1059 101
1059 101
1059 101
1059 101
1059 101
1059 101
1059 101
1059 101
1059 101
1059 101
1059 101
1059 101
1059 101
1059 101
1059 101
1059 101
1059 101
1059 99.6667
1059 98.3333
1059 97
1059.67 95
1060.33 93
1061 91
1061 88.3333
1061 85.6667
1061 83
1061 80.3333
1061 77.6667
1061 75
1061.67 72.3333
1062.33 69.6667
1063 67
1064.33 64.3333
1065.67 61.6667
1067 59
1068.33 56.3333
1069.67 53.6667
1071 51
1071.67 48.3333
1072.33 45.6667
1073 43
1073.67 40.3333
1074.33 37.6667
1075 35
1076.33 33
1077.67 31
1079 29
1079.67 27.6667
1080.33 26.3333
1081 25
1081 23.6667
1081 22.3333
1081 21
1080.33 19.6667
1079.67 18.3333
1079 17
1079 15.6667
1079 14.3333
1079 13
1078.33 12.3333
1077.67 11.6667
1077 11
1075.67 9.66667
1074.33 8.33333
1073 7
1072.33 6.33333
1071.67 5.66667
1071 5
1071 5
1071 5
1071 5
1070.33 5
1069.67 5
1069 5
1067.67 5.66667
1066.33 6.33333
1065 7
1064.33 8.33333
1063.67 9.66667
1063 11
1063 11.6667
1063 12.3333
1063 13
1063 13.6667
1063 14.3333
1063 15
1063 15
1063 15
1063 15
1063 15.6667
1063 16.3333
1063 17
1062.33 17.6667
1061.67 18.3333
1061 19
1060.33 19
1059.67 19
1059 19
1059.67 19
1060.33 19
1061 19
1060.33 19
1059.67 19
1059 19
1059 19.6667
1059 20.3333
1059 21
1059 22.3333
1059 23.6667
1059 25
1059 25.6667
1059 26.3333
1059 27
1059 27
1059 27
1059 27
1059 27
1059 27
1059 27
1059 27
1059 27
1059 27
1059 27.6667
1059 28.3333
1059 29
1059 29.6667
1059 30.3333
1059 31
1059 31
1059 31
1059 31
1059 31
1059 31
1059 31
1059 31
1059 31
1059 31
1058.33 31
1057.67 31
1057 31
1056.33 31
1055.67 31
1055 31
1055.67 31.6667
1056.33 32.3333
1057 33
1056.33 33.6667
1055.67 34.3333
1055 35
1055 34.3333
1055 33.6667
1055 33
1055 33.6667
1055 34.3333
1055 35
1055 35
1055 35
1055 35
1055 35
1055 35
1055 35
1055 35
1055 35
1055 35
1055.67 34.3333
1056.33 33.6667
1057 33
1056.33 33
1055.67 33
1055 33
1055.67 33
1056.33 33
1057 33
1057 33
1057 33
1057 33
1057 33
1057 33
1057 33
1057 32.3333
1057 31.6667
1057 31
1057.67 30.3333
1058.33 29.6667
1059 29
1059.67 29
1060.33 29
1061 29
1060.33 29
1059.67 29
1059 29
1059.67 29.6667
1060.33 30.3333
1061 31
1060.33 31
1059.67 31
1059 31
1059 31
1059 31
1059 31
1059 31.6667
1059 32.3333
1059 33
1059 33.6667
1059 34.3333
1059 35
1059 35
1059 35
1059 35
1059 35
1059 35
1059 35
1059 35
1059 35
1059 35
1059 34.3333
1059 33.6667
1059 33
1059 33
1059 33
1059 33
1059 32.3333
1059 31.6667
1059 31
1058.33 29.6667
1057.67 28.3333
1057 27
1056.33 26.3333
1055.67 25.6667
1055 25
1055 25
1055 25
1055 25
1054.33 24.3333
1053.67 23.6667
1053 23
1052.33 22.3333
1051.67 21.6667
1051 21
1051 21.6667
1051 22.3333
1051 23
1050.33 22.3333
1049.67 21.6667
1049 21
1048.33 21.6667
1047.67 22.3333
1047 23
1047 23
1047 23
1047 23
1047 23
1047 23
1047 23
1047 23.6667
1047 24.3333
1047 25
1047 25.6667
1047 26.3333
1047 27
1047 26.3333
1047 25.6667
1047 25
1047.67 25
1048.33 25
1049 25
1048.33 25
1047.67 25
1047 25
1047.67 25
1048.33 25
1049 25
1049 25
1049 25
1049 25
1049.67 24.3333
1050.33 23.6667
1051 23
1052.33 22.3333
1053.67 21.6667
1055 21
1055 21
1055 21
1055 21
1055.67 21
1056.33 21
1057 21
1057 21
1057 21
1057 21
1057 21
1057 21
1057 21
1056.33 21.6667
1055.67 22.3333
1055 23
1055.67 22.3333
1056.33 21.6667
1057 21
1056.33 21.6667
1055.67 22.3333
1055 23
1055 22.3333
1055 21.6667
1055 21
1055 21
1055 21
1055 21
1055 21
1055 21
1055 21
1055 20.3333
1055 19.6667
1055 19
1055 18.3333
1055 17.6667
1055 17
1055.67 17
1056.33 17
1057 17
1057 17
1057 17
1057 17
1057 17
1057 17
1057 17
1057 17
1057 17
1057 17
1057 16.3333
1057 15.6667
1057 15
1057 14.3333
1057 13.6667
1057 13
1056.33 13
1055.67 13
1055 13
1055 13
1055 13
1055 13
1055 13
1055 13
1055 13
1054.33 13
1053.67 13
1053 13
1053 13
1053 13
1053 13
1053 13
1053 13
1053 13
1053 13
1053 13
1053 13
1053.67 12.3333
1054.33 11.6667
1055 11
1055.67 9.66667
1056.33 8.33333
1057 7
1056.33 6.33333
1055.67 5.66667
1055 5
1055 5
1055 5
1055 5
1055 5.66667
1055 6.33333
1055 7
1055 7
1055 7
1055 7
1055 7
1055 7
1055 7
1054.33 7.66667
1053.67 8.33333
1053 9
1052.33 10.3333
1051.67 11.6667
1051 13
1051 13.6667
1051 14.3333
1051 15
1051 14.3333
1051 13.6667
1051 13
1051.67 13
1052.33 13
1053 13
1052.33 13
1051.67 13
1051 13
1051.67 12.3333
1052.33 11.6667
1053 11
1052.33 10.3333
1051.67 9.66667
1051 9
1051 9.66667
1051 10.3333
1051 11
1051 11
1051 11
1051 11
1050.33 11
1049.67 11
1049 11
1049 11
1049 11
1049 11
1049 10.3333
1049 9.66667
1049 9
1049 9
1049 9
1049 9
1049.67 9
1050.33 9
1051 9
1051.67 8.33333
1052.33 7.66667
1053 7
1053 6.33333
1053 5.66667
1053 5
1053 5
1053 5
1053 5
1053 5.66667
1053 6.33333
1053 7
1053 6.33333
1053 5.66667
1053 5
1052.33 5.66667
1051.67 6.33333
1051 7
1051 7
1051 7
1051 7
1051 6.33333
1051 5.66667
1051 5
1051 5
1051 5
1051 5
1051 5
1051 5
1051 5
1051 4.33333
1051 3.66667
1051 3
1051.67 2.33333
1052.33 1.66667
1053 1
1053 1
1053 1
1053 1
1053 1
1053 1
1053 1
1053 1
1053 1
1053 1
1053 1
1053 1
1053 1
1053 1.66667
1053 2.33333
1053 3
1053 3
1053 3
1053 3
1053 3.66667
1053 4.33333
1053 5
1053 5.66667
1053 6.33333
1053 7
1053 7
1053 7
1053 7
1053 6.33333
1053 5.66667
1053 5
1052.33 4.33333
1051.67 3.66667
1051 3
1051.67 1.66667
1052.33 0.333333
1053 -1
1052.33 -2.33333
1051.67 -3.66667
1051 -5
1051 -5.66667
1051 -6.33333
1051 -7
1051 -7
1051 -7
1051 -7
1050.33 -7
1049.67 -7
1049 -7
1047.67 -7
1046.33 -7
1045 -7
1045 -7
1045 -7
1045 -7
1045 -7
1045 -7
1045 -7
1045 -7
1045 -7
1045 -7
1044.33 -7
1043.67 -7
1043 -7
1043.67 -6.33333
1044.33 -5.66667
1045 -5
1045 -5
1045 -5
1045 -5
1045 -5
1045 -5
1045 -5
1045 -5
1045 -5
1045 -5
1045.67 -5
1046.33 -5
1047 -5
1047.67 -5
1048.33 -5
1049 -5
1049 -5.66667
1049 -6.33333
1049 -7
1049 -7
1049 -7
1049 -7
1048.33 -7.66667
1047.67 -8.33333
1047 -9
1047 -9.66667
1047 -10.3333
1047 -11
1047 -11
1047 -11
1047 -11
1046.33 -11
1045.67 -11
1045 -11
1044.33 -11
1043.67 -11
1043 -11
1043 -11
1043 -11
1043 -11
1043.67 -11
1044.33 -11
1045 -11
1044.33 -11
1043.67 -11
1043 -11
1043.67 -11
1044.33 -11
1045 -11
1045 -11.6667
1045 -12.3333
1045 -13
1045 -13.6667
1045 -14.3333
1045 -15
1045 -15
1045 -15
1045 -15
1045 -15
1045 -15
1045 -15
1044.33 -15.6667
1043.67 -16.3333
1043 -17
1043 -17
1043 -17
1043 -17
1043 -17
1043 -17
1043 -17
1043 -17
1043 -17
1043 -17
1043 -17
1043 -17
1043 -17
1043 -17.6667
1043 -18.3333
1043 -19
1043.67 -19
1044.33 -19
1045 -19
1044.33 -19
1043.67 -19
1043 -19
1044.33 -19
1045.67 -19
1047 -19
1047 -19.6667
1047 -20.3333
1047 -21
1047 -21.6667
1047 -22.3333
1047 -23
1046.33 -23
1045.67 -23
1045 -23
1043.67 -23
1042.33 -23
1041 -23
1041 -23
1041 -23
1041 -23
1040.33 -23
1039.67 -23
1039 -23
1039.67 -23
1040.33 -23
1041 -23
1041 -23
1041 -23
1041 -23
1041 -23
1041 -23
1041 -23
1041 -23
1041 -23
1041 -23
1041.67 -23.6667
1042.33 -24.3333
1043 -25
1043.67 -25.6667
1044.33 -26.3333
1045 -27
1044.33 -27
1043.67 -27
1043 -27
1043.67 -27
1044.33 -27
1045 -27
1044.33 -27
1043.67 -27
1043 -27
1043 -27.6667
1043 -28.3333
1043 -29
1042.33 -29.6667
1041.67 -30.3333
1041 -31
1040.33 -31
1039.67 -31
1039 -31
1039 -31
1039 -31
1039 -31
1039 -31
1039 -31
1039 -31
1038.33 -31
1037.67 -31
1037 -31
1035.67 -31
1034.33 -31
1033 -31
1032.33 -31
1031.67 -31
1031 -31
1031 -31
1031 -31
1031 -31
1030.33 -31
1029.67 -31
1029 -31
1028.33 -31
1027.67 -31
1027 -31
1027 -31
1027 -31
1027 -31
1027 -31
1027 -31
1027 -31
1027 -31
1027 -31
1027 -31
1027.67 -30.3333
1028.33 -29.6667
1029 -29
1029 -29
1029 -29
1029 -29
1029 -29
1029 -29
1029 -29
1029.67 -29
1030.33 -29
1031 -29
1031.67 -29.6667
1032.33 -30.3333
1033 -31
1033 -31
1033 -31
1033 -31
1033.67 -31
1034.33 -31
1035 -31
1035.67 -31
1036.33 -31
1037 -31
1037 -31.6667
1037 -32.3333
1037 -33
1037 -33.6667
1037 -34.3333
1037 -35
1037 -35
1037 -35
1037 -35
1036.33 -35
1035.67 -35
1035 -35
1035.67 -35.6667
1036.33 -36.3333
1037 -37
1036.33 -37.6667
1035.67 -38.3333
1035 -39
1035 -39
1035 -39
1035 -39
1034.33 -39
1033.67 -39
1033 -39
1031.67 -39
1030.33 -39
1029 -39
1028.33 -39
1027.67 -39
1027 -39
1026.33 -39
1025.67 -39
1025 -39
1024.33 -39
1023.67 -39
1023 -39
1023 -39
1023 -39
1023 -39
1023 -39
1023 -39
1023 -39
1023 -39
1023 -39
1023 -39
1023.67 -39
1024.33 -39
1025 -39
1025 -39
1025 -39
1025 -39
1025 -39
1025 -39
1025 -39
1025.67 -39
1026.33 -39
1027 -39
1028.33 -39
1029.67 -39
1031 -39
1031.67 -39
1032.33 -39
1033 -39
1033 -39
1033 -39
1033 -39
1033 -39
1033 -39
1033 -39
1033 -39.6667
1033 -40.3333
1033 -41
1033 -41.6667
1033 -42.3333
1033 -43
1032.33 -43
1031.67 -43
1031 -43
1031 -43.6667
1031 -44.3333
1031 -45
1030.33 -45.6667
1029.67 -46.3333
1029 -47
1027.67 -47
1026.33 -47
1025 -47
1023.67 -47
1022.33 -47
1021 -47
1021 -47
1021 -47
1021 -47
1020.33 -47
1019.67 -47
1019 -47
1019 -47
1019 -47
1019 -47
1019.67 -47
1020.33 -47
1021 -47
1021 -47
1021 -47
1021 -47
1021.67 -47
1022.33 -47
1023 -47
1024.33 -46.3333
1025.67 -45.6667
1027 -45
1027.67 -45
1028.33 -45
1029 -45
1029 -45
1029 -45
1029 -45
1029 -44.3333
1029 -43.6667
1029 -43
1029 -42.3333
1029 -41.6667
1029 -41
1029 -41
1029 -41
1029 -41
1029 -41
1029 -41
1029 -41
1029 -41
1029 -41
1029 -41
1029 -41.6667
1029 -42.3333
1029 -43
1028.33 -43
1027.67 -43
1027 -43
1027 -43.6667
1027 -44.3333
1027 -45
1025.67 -45.6667
1024.33 -46.3333
1023 -47
1022.33 -47
1021.67 -47
1021 -47
1020.33 -47
1019.67 -47
1019 -47
1019.67 -47
1020.33 -47
1021 -47
1020.33 -47
1019.67 -47
1019 -47
1019.67 -47
1020.33 -47
1021 -47
1020.33 -47
1019.67 -47
1019 -47
1019 -47
1019 -47
1019 -47
1019 -46.3333
1019 -45.6667
1019 -45
1018.33 -45.6667
1017.67 -46.3333
1017 -47
1016.33 -47
1015.67 -47
1015 -47
1015 -47
1015 -47
1015 -47
1015 -47
1015 -47
1015 -47
1014.33 -47
1013.67 -47
1013 -47
1012.33 -47
1011.67 -47
1011 -47
1011 -47
1011 -47
1011 -47
1011 -47
1011 -47
1011 -47
1011 -47
1011 -47
1011 -47
1011 -47
1011 -47
1011 -47
1011 -47
1011 -47
1011 -47
1011 -47
1011 -47
1011 -47
1011 -47
1011 -47
1011 -47
1011 -47
1011 -47
1011 -47
1011 -47
1011 -47
1011 -47
1011 -47
1011 -47
1011 -47
1011 -47
1011 -47
1011 -47
1011 -47
1011 -47
1011 -47
1011 -47
1011 -47
1011 -47
1011 -47
1011 -47
1011 -47
1011 -47
1011 -47
1011 -47
1011 -47
1011 -47
1011 -47
1011 -47
1011 -47
1011 -47
1011 -47
1011 -47
1011 -47
1011 -47
1011 -47
1011 -47
1011 -47
1011 -47
1011 -47
1011 -47
1011 -47
1011 -47
1011 -47
1011 -47
1011 -47
1011 -47
1011 -47
1011 -47
1011 -47
1011 -47
1011 -47
1011 -47
1011 -47
1011 -47
1011 -47
1011 -47
1011 -47
1011 -47
1011 -47
1011 -47
1011 -47
1011 -47
1011 -47
1011 -47
1011 -47
1011 -47
1011 -47
1011 -47
1011 -47
1011 -47
1011 -47
1011 -47
1011 -47
1011 -47
1011 -47
1011 -47
1011 -47
1011 -47
1011 -47
1011 -47
1011 -47
1011 -47
1011 -47
1011 -47
1011 -47
1011 -47
1011 -47
1011 -47
1011 -47
1011 -47
1011 -47
1011 -47
1011 -47
1011 -47
1011 -47
1011 -47
1011 -47
1011 -47
1011 -47
1011 -47
1011 -47
1011 -47
1011 -47
1011 -47
1011 -47
1011 -47
1011 -47
1011 -47
1011 -47
1011 -47
1011 -47
1011 -47
1011 -47
1011 -47
1011 -47
1011 -47
1011 -47
1011 -47
1011 -47
1011 -47
1011 -47
1011 -47
1011 -47
1011 -47
1011 -47
1011 -47
1011 -47
1011 -47
1011 -47
1011 -47
1011 -47
1011 -47
1011 -47
1011 -47
1011 -47
1011 -47
1011 -47
1011 -47
1011 -47
1011 -47
1011 -47
1011 -47
1011 -47
1011 -47
1011 -47
1011 -47
1011 -47
1011 -47
1011 -47
1011 -47
1011 -47
1011 -47
1011 -47
1011 -47
1011 -47
1011 -47
1011 -47
1011 -47
1011 -47
1011 -47
1011 -47
1011 -47
1011 -47
1011 -47
1011 -47
1011 -47
1011 -47
1011 -47
1011 -47
1011 -47
1011 -47
1011 -47
1011 -47
1011 -47
1011 -47
1011 -47
1011 -47
1011 -47
1011 -47
1011 -47
1011 -47
1011 -47
1011 -47
1011 -47
1011 -47
1011 -47
1011 -47
1011 -47
1011 -47
1011 -47
1011 -47
1011 -47
1011 -47
1011 -47
1011 -47
1011 -47
1011 -47
1011 -47
1011 -47
1011 -47
1011 -47
1011 -47
1011 -47
1011 -47
1011 -47
1011 -47
1011 -47
1011 -47
1011 -47
1011 -47
1011 -47
1011 -47
1011 -47
1011 -47
1011 -47
1011 -47
1011 -47
1011 -47
1011 -47
1011 -47
1011 -47
1011 -47
1011 -47
1011 -47
1011 -47
1011 -47
1011 -47
1011 -47
1011 -47
1011 -47
1011 -47
1011 -47
1011 -47
1011 -47
1011 -47
1011 -47
1011 -47
1011 -47
1011 -47
1011 -47
1011 -47
1011 -47
1011 -47
1011 -47
1011 -47
1011 -47
1011 -47
1011 -47
1011 -47
1011 -47
1011 -47
1011 -47
1011 -47
1011 -47
1011 -47
1011 -47
1011 -47
